Thu Jan 12 17:02:01 2012

23994,1,152;
24046,2,148;
24103,4,145;
24165,6,137;
24226,6,133;
24285,9,127;
24335,12,121;
24395,18,113;
24454,24,105;
24514,28,97;
24564,34,92;
24635,39,87;
24684,43,83;
24743,47,78;
24802,50,73;
24858,52,68;
24920,56,63;
24974,59,59;
25033,63,59;
25095,69,59;
25161,75,61;
25220,81,62;
25270,88,60;
25328,95,56;
25380,101,52;
25439,106,50;
25508,109,51;
25557,110,53;
25619,111,57;
25668,114,63;
25737,118,71;
25787,115,72;
25847,113,72;
25906,114,71;
25965,114,71;
26025,114,71;
26076,114,71;
26135,114,71;
26204,114,73;
26261,113,74;
26314,112,75;
26375,112,75;
26424,112,75;
26485,112,76;
26543,112,76;
26609,112,76;
26663,112,76;
26722,112,75;
26772,113,75;
26841,113,76;
26892,115,76;
26951,118,78;
27010,120,83;
27070,120,85;
27130,120,86;
27190,118,85;
27240,117,83;
27300,116,82;
27359,114,81;
27420,113,79;
27478,115,80;
27528,116,83;
27598,114,81;
27647,113,79;
27708,113,77;
27766,113,76;
27827,113,76;
27876,113,76;
27945,113,76;
27996,113,76;
28055,113,76;
28124,113,76;
28175,113,76;
28234,113,76;
28294,113,76;
28353,113,76;
28409,113,76;
28463,113,76;
28522,113,76;
28582,113,76;
28642,113,76;
28702,113,76;
28751,113,76;
28822,113,76;
28870,113,76;
28931,113,76;
28980,113,76;
29051,113,76;
29101,113,76;
29159,113,76;
29228,113,76;
29288,113,76;
29338,113,76;
29388,113,76;
29457,113,76;
29517,112,76;
29567,113,76;
29626,113,76;
29686,113,76;
29744,112,76;
29806,112,76;
29865,113,76;
29915,113,76;
29975,112,76;
30034,113,76;
30095,113,76;
30144,113,76;
30214,113,76;
30272,113,76;
30333,113,76;
30382,113,76;
30441,113,76;
30501,113,76;
30552,113,76;
30612,113,76;
30671,113,76;
30732,113,76;
30790,113,76;
30840,113,76;
30900,113,76;
30969,113,76;
31020,113,76;
31079,112,76;
31138,113,76;
31198,113,76;
31258,113,76;
31318,113,76;
31376,112,76;
31427,113,76;
31486,113,76;
31546,113,76;
31596,113,76;
31667,113,76;
31721,113,76;
31775,113,76;
31835,113,76;
31895,113,76;
31954,113,76;
32014,113,76;
32074,113,76;
32132,113,76;
32183,113,76;
32242,113,76;
32302,113,76;
32352,113,76;
32423,113,76;
32471,113,76;
32541,113,76;
32590,113,76;
32651,113,76;
32700,113,76;
32767,113,76;
32828,113,76;
32889,113,76;
32940,113,76;
32998,113,76;
33058,113,76;
33108,113,76;
33179,113,76;
33228,113,76;
33287,113,76;
33347,112,76;
33406,113,76;
33456,113,76;
33516,113,76;
32575,113,76;
33645,113,76;
33704,113,76;
33754,113,76;
33825,113,76;
33871,113,76;
33924,113,76;
33983,113,76;
34054,113,76;
34102,113,76;
34163,112,76;
34212,113,76;
34281,113,76;
34332,112,76;
34391,113,76;
34450,112,76;
34511,113,76;
34560,113,76;
34631,113,76;
34681,113,76;
34740,113,76;
34799,113,76;
34869,113,76;
34915,113,76;
34975,113,76;
35036,113,76;
35096,113,76;
35148,113,76;
35206,112,76;
35266,113,76;
35316,113,76;
35383,113,76;
35435,113,76;
35495,113,76;
35555,113,76;
35615,113,76;
35676,113,76;
35724,113,76;
35784,112,76;
35843,113,76;
35917,113,76;
35963,113,76;
36022,113,76;
36072,113,76;
36143,112,76;
36191,113,76;
36258,113,76;
36310,113,76;
36371,113,76;
36420,113,76;
36491,113,76;
36547,113,76;
36599,112,76;
36660,113,76;
36728,113,76;
36779,113,76;
36828,113,76;
36898,113,76;
36957,113,76;
37004,112,76;
37067,113,76;
37126,113,76;
37185,113,76;
37245,112,76;
37304,113,76;
37365,113,76;
37424,113,76;
37474,113,76;
37534,113,76;
37584,113,76;
37654,113,76;
37712,113,76;
37772,113,76;
37822,113,76;
37882,113,76;
37932,112,76;
38001,113,76;
38051,113,76;
38111,113,76;
38171,113,76;
38231,113,76;
38289,113,76;
38340,113,76;
38409,113,76;
38469,113,76;
38519,113,76;
37579,113,76;
38638,113,76;
38697,113,76;
38757,113,76;
38812,113,76;
38868,113,76;
38926,113,76;
38985,113,76;
39036,113,76;
39096,113,76;
39155,112,76;
39225,113,76;
39284,113,76;
39334,113,76;
39393,113,76;
39452,113,76;
39504,113,76;
39570,113,76;
39623,113,76;
39683,113,76;
39742,113,76;
39792,113,76;
39863,113,76;
39911,113,76;
39972,113,76;
40030,113,76;
40091,113,76;
40150,113,76;
40198,113,76;
40271,113,76;
40319,113,76;
40379,113,76;
40438,113,76;
40499,113,76;
40548,113,76;
40619,113,76;
40668,113,76;
40727,113,76;
40787,113,76;
40847,113,76;
40906,113,76;
40956,113,76;
41023,113,76;
41076,113,76;
41135,112,76;
41194,113,76;
41255,113,76;
41314,113,76;
41364,113,76;
41430,113,76;
41484,113,76;
41542,113,76;
41602,113,76;
41652,113,76;
41722,113,76;
41772,113,76;
41831,113,76;
41890,113,76;
41951,113,76;
42010,113,76;
42060,113,76;
42129,112,76;
42189,113,76;
42239,113,76;
42299,113,76;
42358,113,76;
42417,113,76;
42478,113,76;
42536,113,76;
42587,113,76;
42646,113,76;
42706,113,76;
42756,113,76;
42823,113,76;
42876,112,76;
42935,113,76;
43004,113,76;
43055,113,76;
43115,112,76;
43164,113,76;
43233,112,76;
43283,113,76;
43343,113,76;
43402,113,76;
43463,113,76;
43521,113,76;
43581,113,76;
43630,113,76;
43691,113,76;
43751,113,76;
43812,113,76;
43868,112,76;
43930,113,76;
43987,113,76;
44050,113,76;
44108,113,76;
44158,113,76;
44218,113,76;
44268,113,76;
44328,113,76;
44387,113,76;
44455,113,76;
44506,113,76;
44568,112,76;
44625,113,76;
44676,113,76;
44746,113,76;
44795,113,76;
44855,113,76;
44914,113,76;
44975,113,76;
45035,113,76;
45085,113,76;
45143,113,76;
45204,113,76;
45272,113,76;
45322,113,76;
45372,113,76;
45432,113,76;
45500,113,76;
45552,113,76;
45621,113,76;
45670,113,76;
45720,113,76;
45789,113,76;
45850,113,76;
45900,113,76;
45959,113,76;
46019,112,76;
46079,113,76;
46138,113,76;
46188,113,76;
46258,113,76;
46307,113,76;
46366,113,76;
46426,113,76;
46476,113,76;
46547,113,76;
46593,112,76;
46663,113,76;
46716,113,76;
46774,113,76;
46835,113,76;
46885,113,76;
46953,113,76;
47003,113,76;
47063,113,76;
47123,113,76;
47183,113,76;
47242,113,76;
47292,113,76;
47352,113,76;
47411,113,76;
47472,113,76;
47532,113,76;
47590,113,76;
47640,113,76;
47711,113,76;
47759,113,76;
47820,113,76;
47878,113,76;
47939,113,76;
47988,113,76;
48057,113,76;
48108,112,76;
48178,113,76;
48227,113,76;
48286,113,76;
48336,113,76;
48405,113,76;
48464,113,76;
48525,113,76;
47576,113,76;
48635,113,76;
48694,113,76;
48754,113,76;
48813,113,76;
48872,112,76;
48924,113,76;
48982,113,76;
49042,113,76;
49092,113,76;
49163,113,76;
49211,113,76;
49271,113,76;
49331,113,76;
49391,113,76;
49440,113,76;
49511,113,76;
49560,113,76;
49619,112,76;
49679,113,76;
49740,113,76;
49800,113,76;
49859,113,76;
49908,113,76;
49976,113,76;
50027,113,76;
50086,113,76;
50147,113,76;
50196,113,76;
50256,113,76;
50325,113,76;
50376,113,76;
50436,113,76;
50496,112,76;
50553,113,76;
50614,113,76;
50674,113,76;
50723,113,76;
50794,113,76;
50843,113,76;
50902,113,76;
50955,113,76;
51012,113,76;
51071,112,76;
51139,113,76;
51190,112,76;
51250,113,76;
51300,112,76;
51360,113,76;
51429,113,76;
51479,112,76;
51547,113,76;
51598,113,76;
51658,112,76;
51717,113,76;
51777,113,76;
51836,113,76;
51887,113,76;
51947,113,76;
52006,113,76;
52057,113,76;
52116,113,76;
52175,113,76;
52235,112,76;
52303,113,76;
52355,113,76;
52416,113,76;
52464,113,76;
52535,113,76;
52592,113,76;
52643,113,76;
52713,113,76;
52763,113,76;
52812,113,76;
52872,113,76;
52931,113,76;
52991,113,76;
53050,113,76;
53110,113,76;
53160,113,76;
53220,113,76;
53289,113,76;
53348,113,76;
53399,113,76;
53459,113,76;
53519,113,76;
53569,113,76;
53628,112,76;
53687,113,76;
53747,113,76;
53808,113,76;
53877,113,76;
53922,113,76;
53986,113,76;
54044,113,76;
54095,113,76;
54166,113,76;
54214,113,76;
54274,113,76;
54324,113,76;
54395,113,76;
54443,112,76;
54511,113,76;
54561,113,76;
54622,113,76;
54673,113,76;
54743,113,76;
54802,113,76;
54849,113,76;
54921,113,76;
54979,113,76;
55019,112,76;
55087,113,76;
55149,113,76;
55205,113,76;
55261,113,76;
55317,113,76;
55380,113,76;
55437,113,76;
55497,113,76;
55548,113,76;
55607,112,76;
55665,113,76;
55725,113,76;
55777,113,76;
55846,113,76;
55893,113,76;
55955,113,76;
56015,113,76;
56076,113,76;
56134,113,76;
56185,113,76;
56248,113,76;
56304,113,76;
56363,113,76;
56422,113,76;
56484,113,76;
56532,113,76;
56592,113,76;
56651,113,76;
56722,113,76;
56770,113,76;
56832,113,76;
56881,113,76;
56951,113,76;
57000,113,76;
57059,113,76;
57129,113,76;
57177,113,76;
57239,113,76;
57288,113,76;
57348,113,76;
57407,113,76;
57467,113,76;
57527,113,76;
57588,113,76;
57646,113,76;
57696,113,76;
57762,113,76;
57815,113,76;
57883,113,76;
57934,113,76;
57995,113,76;
58044,112,76;
58113,113,76;
58172,112,76;
58223,113,76;
58282,113,76;
58342,112,76;
58403,113,76;
58463,113,76;
58518,113,76;
58571,113,76;
58630,113,76;
58689,113,76;
58749,113,76;
58800,112,76;
58860,113,76;
58930,113,76;
58986,113,76;
59038,113,76;
59098,113,76;
59148,113,76;
59217,113,76;
59267,113,76;
59327,113,76;
59386,112,76;
59447,113,76;
59507,113,76;
59567,113,76;
59625,113,76;
59675,113,76;
59736,113,76;
59795,113,76;
59855,113,76;
59914,113,76;
59973,113,76;
60023,113,76;
60083,113,76;
60142,113,76;
60204,113,76;
60261,113,76;
60322,112,76;
60378,113,76;
60430,113,76;
60490,113,76;
60551,113,76;
60611,113,76;
60671,113,76;
60720,113,76;
60779,113,76;
60839,113,76;
60897,113,76;
60960,113,76;
61019,113,76;
61079,113,76;
61134,113,76;
61186,113,76;
61246,113,76;
61317,113,76;
61362,113,76;
61416,113,76;
61486,113,76;
61535,113,76;
61595,112,76;
61654,113,76;
61713,113,76;
61775,113,76;
61824,113,76;
61883,113,76;
61943,113,76;
62003,113,76;
62064,113,76;
62123,112,76;
62182,113,76;
62238,113,76;
62291,113,76;
62350,113,76;
62411,113,76;
62460,113,76;
62530,113,76;
61580,113,76;
62639,112,76;
62708,113,76;
62758,112,76;
62820,113,76;
62878,113,76;
62927,113,76;
62987,113,76;
63056,113,76;
63107,113,76;
63167,113,76;
63217,113,76;
63276,113,76;
63336,113,76;
63395,113,76;
63466,113,76;
63515,112,76;
63585,113,76;
63631,113,76;
63684,112,76;
63751,112,76;
63811,113,76;
63862,113,76;
63923,113,76;
63972,113,76;
64033,113,76;
64091,113,76;
64162,113,76;
64221,113,76;
64270,113,76;
64320,113,76;
64380,113,76;
64451,113,76;
64506,113,76;
64559,113,76;
64618,113,76;
64680,113,76;
64736,113,76;
64799,113,76;
64847,113,76;
64907,113,76;
64966,112,76;
65027,113,76;
65076,113,76;
65136,113,76;
65195,113,76;
65261,113,76;
65315,113,76;
65374,113,76;
65435,113,76;
65494,113,76;
65544,113,76;
65603,113,76;
65664,113,76;
65724,112,76;
65784,113,76;
65843,113,76;
65898,113,76;
65962,113,76;
66018,113,76;
66070,113,76;
66130,113,76;
66180,113,76;
66251,113,76;
66309,113,76;
66359,113,76;
66426,113,76;
66478,112,76;
66539,113,76;
66588,113,76;
66649,113,76;
66718,113,76;
66768,112,76;
66826,113,76;
66886,113,76;
66936,113,76;
66996,113,76;
67055,113,76;
67122,113,76;
67175,113,76;
67234,113,76;
67294,113,76;
67345,113,76;
67415,113,76;
67463,113,76;
67523,113,76;
67583,113,76;
67644,113,76;
67702,113,76;
67753,113,76;
67818,112,76;
67871,113,76;
67930,113,76;
67990,113,76;
68040,113,76;
68110,113,76;
68161,113,76;
68226,113,76;
68279,113,76;
68338,113,76;
68398,113,76;
68448,113,76;
68519,113,76;
68565,113,76;
68627,113,76;
68687,113,76;
68747,113,76;
68806,112,76;
68856,113,76;
68922,113,76;
68975,113,76;
69035,113,76;
69094,113,76;
69155,113,76;
69214,113,76;
69264,113,76;
69330,113,76;
69383,113,76;
69442,113,76;
69502,113,76;
69552,113,76;
69622,113,76;
69668,113,76;
69731,113,76;
69790,113,76;
69851,113,76;
69900,113,76;
69961,113,76;
70029,113,76;
70089,113,76;
70145,112,76;
70198,112,76;
70259,113,76;
70318,113,76;
70378,113,76;
70437,113,76;
70497,113,76;
70546,113,76;
70606,113,76;
70656,113,76;
70727,113,76;
70774,113,76;
70842,113,76;
70895,113,76;
70954,113,76;
71014,113,76;
71064,113,76;
71135,113,76;
71187,113,76;
71243,113,76;
71302,113,76;
71364,113,76;
71413,113,76;
71482,113,76;
71531,113,76;
71602,113,76;
71643,112,76;
71711,113,76;
71771,113,76;
71830,112,76;
71890,113,76;
71950,113,76;
71997,113,76;
72058,112,76;
72118,113,76;
72168,113,76;
72239,113,76;
72287,113,76;
72348,113,76;
72406,113,76;
72468,113,76;
72527,113,76;
71577,113,76;
72635,113,76;
72696,113,76;
72755,113,76;
72815,113,76;
72875,113,76;
72924,113,76;
72985,113,76;
73044,113,76;
73105,113,76;
73162,113,76;
73222,113,76;
73282,113,76;
73333,113,76;
73392,113,76;
73451,113,76;
73510,113,76;
73570,113,76;
73620,113,76;
73680,113,76;
73742,113,76;
73799,113,76;
73865,113,76;
73918,113,76;
73979,113,76;
74028,113,76;
74089,112,76;
74156,113,76;
74218,113,76;
74266,113,76;
74325,113,76;
74385,113,76;
74436,113,76;
74496,113,76;
74555,113,76;
74615,113,76;
74674,113,76;
74734,113,76;
74784,113,76;
74848,112,76;
74912,113,76;
74968,113,76;
75022,113,76;
75082,112,76;
75142,113,76;
75192,113,76;
75251,113,76;
75311,112,76;
75370,113,76;
75430,113,76;
75489,113,76;
75540,113,76;
75611,113,76;
75668,113,76;
75717,113,76;
75779,113,76;
75839,113,76;
75898,113,76;
75948,113,76;
76018,113,76;
76076,113,76;
76127,113,76;
76183,113,76;
76245,113,76;
76306,113,76;
76356,113,76;
76416,112,76;
76475,113,76;
76534,113,76;
76595,113,76;
76654,113,76;
76705,112,76;
76763,113,76;
76826,113,76;
76886,113,76;
76940,113,76;
77001,113,76;
77052,113,76;
77122,113,76;
77180,113,76;
77240,113,76;
77290,113,76;
77340,113,76;
77399,112,76;
77467,113,76;
77519,113,76;
76579,113,76;
77638,113,76;
77698,113,76;
77748,113,76;
77820,113,76;
77866,113,76;
77927,113,76;
77986,112,76;
78046,113,76;
78096,113,76;
78167,112,76;
78216,113,76;
78275,113,76;
78335,113,76;
78405,113,76;
78454,113,76;
78504,113,76;
78564,113,76;
78632,113,76;
78683,113,76;
78742,113,76;
78802,113,76;
78863,113,76;
78922,113,76;
78981,112,76;
79031,113,76;
79090,112,76;
79150,113,76;
79200,113,76;
79271,113,76;
79320,113,76;
79379,113,76;
79448,113,76;
79509,113,76;
79558,113,76;
79619,113,76;
79668,113,76;
79734,113,76;
79787,113,76;
79843,113,76;
79906,113,76;
79954,113,76;
80016,113,76;
80075,113,76;
80146,112,76;
80196,113,76;
80254,113,76;
80314,113,76;
80373,113,76;
80442,113,76;
80484,113,76;
80544,113,76;
80612,113,76;
80663,113,76;
80712,113,76;
80781,113,76;
80832,113,76;
80891,113,76;
80950,113,76;
81010,113,76;
81060,113,76;
81120,113,76;
81189,112,76;
81250,113,76;
81308,113,76;
81358,113,76;
81418,113,76;
81475,113,76;
81539,113,76;
81596,113,76;
81654,113,76;
81706,112,76;
81763,113,76;
81816,113,76;
81887,113,76;
81936,113,76;
81995,113,76;
82055,113,76;
82125,113,76;
82175,113,76;
82224,113,76;
82295,113,76;
82343,113,76;
82403,113,76;
82462,112,76;
82522,113,76;
82572,113,76;
82632,113,76;
82691,113,76;
82759,113,76;
82810,113,76;
82871,113,76;
82920,113,76;
82980,113,76;
83049,113,76;
83110,113,76;
83159,113,76;
83218,113,76;
83273,113,76;
83328,112,76;
83399,113,76;
83447,113,76;
83507,113,76;
83566,113,76;
83626,113,76;
83674,113,76;
83735,113,76;
83795,112,76;
83857,113,76;
83926,113,76;
83975,113,76;
84036,113,76;
84094,113,76;
84155,113,76;
84209,113,76;
84263,113,76;
84322,113,76;
84382,113,76;
84432,113,76;
84503,113,76;
84551,113,76;
84619,113,76;
84669,113,76;
84731,113,76;
84780,113,76;
84840,113,76;
84909,112,76;
84960,113,76;
85019,113,76;
85078,113,76;
85138,113,76;
85188,113,76;
85248,113,76;
85307,113,76;
85368,113,76;
85436,113,76;
85496,112,76;
85536,113,76;
85607,113,76;
85656,113,76;
85715,113,76;
85786,113,76;
85834,113,76;
85894,112,76;
85944,113,76;
86014,113,76;
86064,113,76;
86123,113,76;
86182,113,76;
86242,113,76;
86292,113,76;
86362,113,76;
86411,113,76;
86472,113,76;
86530,113,76;
86590,113,76;
86640,113,76;
86710,113,76;
86760,113,76;
86830,113,76;
86879,113,76;
86938,113,76;
86999,113,76;
87048,113,76;
87119,113,76;
87165,113,76;
87227,113,76;
87286,113,76;
87347,113,76;
87407,113,76;
87466,113,76;
87516,113,76;
86575,113,76;
87644,113,76;
87704,113,76;
87754,113,76;
87804,113,76;
87864,113,76;
87934,113,76;
87984,113,76;
88042,113,76;
88102,113,76;
88161,113,76;
88220,113,76;
88271,113,76;
88331,113,76;
88389,113,76;
88450,113,76;
88500,113,76;
88560,113,76;
88629,113,76;
88688,113,76;
88739,112,76;
88808,113,76;
88868,113,76;
88918,113,76;
88968,113,76;
89027,113,76;
89097,113,76;
89144,113,76;
89206,113,76;
89256,113,76;
89325,113,76;
89375,113,76;
89435,113,76;
89496,113,76;
89564,113,76;
89615,112,76;
89664,113,76;
89724,113,76;
89794,113,76;
89844,113,76;
89903,113,76;
89962,113,76;
90012,112,76;
90083,113,76;
90139,113,76;
90192,113,76;
90250,113,76;
90312,113,76;
90371,113,76;
90430,112,76;
90480,113,76;
90546,113,76;
90600,113,76;
90658,113,76;
90719,113,76;
90767,113,76;
90839,113,76;
90887,113,76;
90947,112,76;
91007,113,76;
91068,113,76;
91116,113,76;
91176,113,76;
91245,112,76;
91296,113,76;
91355,113,76;
91414,113,76;
91475,113,76;
91534,113,76;
91593,113,76;
91643,113,76;
91704,113,76;
91762,113,76;
91823,112,76;
91872,113,76;
91943,113,76;
91991,113,76;
92051,112,76;
92111,113,76;
92171,113,76;
92230,113,76;
92280,113,76;
92348,113,76;
92399,113,76;
92459,113,76;
92520,113,76;
91578,113,76;
92637,113,76;
92688,113,76;
92748,113,76;
92807,113,76;
92877,113,76;
92935,113,76;
92975,112,76;
93043,112,76;
93105,113,76;
93164,113,76;
93216,113,76;
93274,113,76;
93334,113,76;
93392,113,76;
93444,113,76;
93503,113,76;
93563,113,76;
93624,113,76;
93692,113,76;
93742,112,76;
93792,113,76;
93851,113,76;
93922,113,76;
93971,113,76;
94030,113,76;
94080,113,76;
94149,113,76;
94200,113,76;
94270,113,76;
94329,112,76;
94378,113,76;
94438,112,76;
94488,112,76;
94559,113,76;
94617,113,76;
94666,113,76;
94727,113,76;
94796,113,76;
94836,113,76;
94905,113,76;
94965,113,76;
95015,113,76;
95075,113,76;
95134,113,76;
95204,113,76;
95249,113,76;
95315,113,76;
95370,113,76;
95424,113,76;
95482,113,76;
95542,113,76;
95592,113,76;
95661,113,76;
95711,113,76;
95782,113,76;
95831,113,76;
95891,113,76;
95949,113,76;
96010,113,76;
96070,113,76;
96126,112,76;
96179,113,76;
96238,113,76;
96308,113,76;
96354,113,76;
96408,113,76;
96468,112,76;
96527,111,75;
96587,111,75;
96657,112,76;
96705,113,76;
96756,113,76;
96815,113,76;
96885,113,76;
96945,113,76;
96994,113,76;
97054,113,76;
97104,113,76;
97173,113,76;
97223,113,76;
97283,113,76;
97344,112,76;
97412,113,76;
97452,113,76;
97512,112,76;
97572,113,76;
97642,113,76;
97688,113,76;
97750,113,76;
97800,113,76;
97869,113,76;
97930,113,76;
97988,112,76;
98049,113,76;
98098,113,76;
98169,113,76;
98208,113,76;
98268,113,76;
98327,113,76;
98397,113,76;
98457,113,76;
98506,112,76;
98566,112,76;
98625,113,76;
98676,113,76;
98734,113,76;
98795,113,76;
98856,113,76;
98925,113,76;
98964,113,76;
99024,113,76;
99084,112,76;
99154,113,76;
99203,113,76;
99263,113,76;
99312,112,76;
99381,113,76;
99440,113,76;
99502,113,76;
99551,113,76;
99610,113,76;
99670,113,76;
99729,113,76;
99789,113,76;
99848,113,76;
99908,113,76;
99959,113,76;
100019,113,76;
100077,113,76;
100137,113,76;
100196,113,76;
100247,113,76;
100306,112,76;
100367,113,76;
100414,113,76;
100476,113,76;
100544,113,76;
100596,113,76;
100656,113,76;
100714,113,76;
100776,113,76;
100834,113,76;
100884,113,76;
100954,113,76;
101003,113,76;
101063,113,76;
101122,113,76;
101172,113,76;
101242,112,76;
101291,113,76;
101352,113,76;
101410,113,76;
101471,113,76;
101530,113,76;
100580,113,76;
101651,113,76;
101699,113,76;
101759,113,76;
101818,113,76;
101878,113,76;
101928,113,76;
101999,113,76;
102046,113,76;
102107,113,76;
102166,113,76;
102227,113,76;
102276,113,76;
102346,113,76;
102395,113,76;
102456,113,76;
102515,113,76;
102585,113,76;
102636,113,76;
102694,113,76;
102743,113,76;
102804,113,76;
102863,113,76;
102923,113,76;
102984,113,76;
103042,113,76;
103092,112,76;
103152,113,76;
103211,113,76;
103281,113,76;
103331,113,76;
103380,113,76;
103449,113,76;
103500,113,76;
103570,112,76;
103619,113,76;
103678,113,76;
103738,113,76;
103788,113,76;
103857,113,76;
103907,113,76;
103967,113,76;
104026,113,76;
104087,112,76;
104136,113,76;
104206,113,76;
104255,113,76;
104314,113,76;
104375,113,76;
104434,113,76;
104495,113,76;
104544,113,76;
104613,113,76;
104673,113,76;
104723,113,76;
104783,113,76;
104842,113,76;
104901,113,76;
104961,113,76;
105011,113,76;
105071,113,76;
105130,113,76;
105192,113,76;
105249,113,76;
105300,113,76;
105371,112,76;
105419,112,76;
105479,113,76;
105538,113,76;
105609,113,76;
105651,113,76;
105708,113,76;
105767,113,76;
105837,113,76;
105886,113,76;
105948,113,76;
106006,113,76;
106066,113,76;
106115,113,76;
106176,113,76;
106235,113,76;
106305,113,76;
106355,113,76;
106405,113,76;
106473,113,76;
106533,113,76;
106592,113,76;
106641,113,76;
106703,113,76;
106752,113,76;
106823,113,76;
106871,113,76;
106931,113,76;
106990,113,76;
107051,113,76;
107111,113,76;
107170,113,76;
107230,113,76;
107279,113,76;
107339,113,76;
107399,113,76;
107468,113,76;
107514,112,76;
106579,113,76;
107627,113,76;
107687,113,76;
107746,113,76;
107808,113,76;
107856,113,76;
107925,113,76;
107984,113,76;
108044,113,76;
108095,113,76;
108156,113,76;
108214,113,76;
108274,113,76;
108334,113,76;
108383,113,76;
108453,113,76;
108502,113,76;
108562,112,76;
108622,113,76;
108682,113,76;
108740,113,76;
108791,113,76;
108849,113,76;
108911,113,76;
108964,113,76;
109031,113,76;
109080,113,76;
109139,113,76;
109200,113,76;
109258,113,76;
109329,113,76;
109376,113,76;
109438,113,76;
109487,113,76;
109547,113,76;
109606,113,76;
109677,113,76;
109717,113,76;
109786,113,76;
109835,113,76;
109895,113,76;
109955,113,76;
110015,113,76;
110084,113,76;
110125,113,76;
110193,113,76;
110249,113,76;
110303,113,76;
110362,113,76;
110422,112,76;
110482,113,76;
110539,112,76;
110592,113,76;
110651,112,76;
110710,113,76;
110772,113,76;
110830,112,76;
110880,113,76;
110949,113,76;
110999,112,76;
111059,113,76;
111120,113,76;
111178,113,76;
111239,113,76;
111298,113,76;
111354,113,76;
111407,113,76;
111466,113,76;
111528,113,76;
111584,113,76;
111647,113,76;
111706,113,76;
111755,112,76;
111815,113,76;
111874,113,76;
111936,113,76;
111994,113,76;
112054,113,76;
112113,113,76;
112163,113,76;
112222,113,76;
112282,113,76;
112341,113,76;
112403,113,76;
112451,113,76;
112511,113,76;
112571,113,76;
112630,113,76;
112691,113,76;
112749,113,76;
112810,113,76;
112869,113,76;
112919,113,76;
112978,113,76;
113038,113,76;
113088,113,76;
113158,113,76;
113206,113,76;
113267,113,76;
113326,113,76;
113386,113,76;
113447,113,76;
113506,112,76;
113562,113,76;
113615,113,76;
113676,113,76;
113734,113,76;
113794,113,76;
113854,113,76;
113914,113,76;
113973,113,76;
114023,113,76;
114082,113,76;
114143,113,76;
114190,113,76;
114252,113,76;
114311,113,76;
114376,113,76;
114428,113,76;
114491,113,76;
114540,113,76;
114609,113,76;
114660,113,76;
114719,113,76;
114779,113,76;
114838,112,76;
114899,113,76;
114958,113,76;
115008,113,76;
115067,113,76;
115136,113,76;
115196,113,76;
115246,113,76;
115296,113,76;
115365,113,76;
115425,113,76;
115485,113,76;
115544,113,76;
115594,113,76;
115654,113,76;
115714,113,76;
115765,113,76;
115823,113,76;
115883,113,76;
115942,113,76;
116002,113,76;
116052,113,76;
116123,113,76;
116172,113,76;
116242,113,76;
116290,113,76;
116349,113,76;
116407,113,76;
116470,113,76;
116530,113,76;
115578,113,76;
116639,113,76;
116698,113,76;
116759,113,76;
116808,113,76;
116867,112,76;
116927,113,76;
116997,113,76;
117046,113,76;
117106,113,76;
117156,113,76;
117226,113,76;
117277,113,76;
117335,113,76;
117404,113,76;
117454,113,76;
117513,113,76;
117572,112,76;
117632,113,76;
117683,113,76;
117743,113,76;
117802,112,76;
117863,113,76;
117912,113,76;
117983,113,76;
118040,113,76;
118092,113,76;
118150,113,76;
118202,113,76;
118270,113,76;
118320,113,76;
118391,113,76;
118439,113,76;
118509,113,76;
118569,113,76;
118617,113,76;
118679,113,76;
118728,113,76;
118788,113,76;
118856,113,76;
118919,113,76;
118966,113,76;
119028,113,76;
119082,113,76;
119135,113,76;
119195,113,76;
119255,113,76;
119314,113,76;
119374,113,76;
119423,113,76;
119494,113,76;
119552,113,76;
119609,113,76;
119662,113,76;
119722,113,76;
119772,112,76;
119842,113,76;
119900,113,76;
119960,113,76;
120010,112,76;
120071,113,76;
120122,113,76;
120190,113,76;
120239,113,76;
120300,113,76;
120359,113,76;
120428,113,76;
120488,113,76;
120528,113,76;
120596,113,76;
120656,113,76;
120708,113,76;
120767,113,76;
120826,113,76;
120876,113,76;
120946,113,76;
121004,113,76;
121055,113,76;
121115,113,76;
121174,113,76;
121234,113,76;
121284,113,76;
121344,113,76;
121402,113,76;
121463,113,76;
121523,113,76;
121583,113,76;
121632,113,76;
121701,113,76;
121752,113,76;
121811,113,76;
121870,113,76;
121926,113,76;
121981,113,76;
122040,113,76;
122100,113,76;
122157,113,76;
122215,113,76;
122279,113,76;
122330,113,76;
122397,113,76;
122448,113,76;
122507,113,76;
122568,113,76;
122637,113,76;
122694,113,76;
122736,113,76;
122805,113,76;
122855,113,76;
122915,113,76;
122975,113,76;
123035,113,76;
123088,113,76;
123155,113,76;
123205,113,76;
123266,113,76;
123333,113,76;
123382,113,76;
123443,113,76;
123492,113,76;
123561,113,76;
123611,113,76;
123671,113,76;
123731,112,76;
123790,112,76;
123840,113,76;
123909,113,76;
123960,113,76;
124019,113,76;
124079,113,76;
124139,113,76;
124198,113,76;
124258,113,76;
124318,113,76;
124364,113,76;
124433,113,76;
124486,113,76;
124547,113,76;
124606,113,76;
124656,113,76;
124715,113,76;
124782,113,76;
124835,113,76;
124895,113,76;
124954,113,76;
125014,113,76;
125074,113,76;
125123,113,76;
125183,113,76;
125242,113,76;
125302,113,76;
125352,113,76;
125412,113,76;
125480,113,76;
125541,113,76;
125591,113,76;
125651,113,76;
125710,113,76;
125770,113,76;
125831,113,76;
125881,113,76;
125950,113,76;
125998,113,76;
126058,113,76;
126108,113,76;
126178,113,76;
126237,113,76;
126289,113,76;
126347,113,76;
126407,113,76;
126457,112,76;
126516,113,76;
126586,113,76;
126647,113,76;
126695,113,76;
126754,113,76;
126807,113,76;
126866,113,76;
126938,113,76;
126985,113,76;
127046,113,76;
127103,113,76;
127162,113,76;
127212,113,76;
127273,113,76;
127332,113,76;
127399,113,76;
127452,113,76;
127510,113,76;
127561,113,76;
127621,113,76;
127691,113,76;
127748,113,76;
127798,113,76;
127858,113,76;
127919,113,76;
127978,113,76;
128028,113,76;
128087,113,76;
128148,113,76;
128207,113,76;
128277,113,76;
128323,113,76;
128376,113,76;
128436,113,76;
128495,113,76;
128555,113,76;
128614,113,76;
128676,112,76;
128734,113,76;
128795,113,76;
128854,113,76;
128904,113,76;
128964,113,76;
129024,113,76;
129083,113,76;
129143,113,76;
129193,113,76;
129262,113,76;
129312,113,76;
129372,113,76;
129431,113,76;
129489,113,76;
129551,113,76;
129601,113,76;
129670,113,76;
129729,113,76;
129780,113,76;
129838,113,76;
129899,113,76;
129949,113,76;
130018,113,76;
130077,113,76;
130128,113,76;
130187,113,76;
130247,113,76;
130297,113,76;
130356,113,76;
130416,113,76;
130475,113,76;
130534,113,76;
130594,113,76;
130644,113,76;
130704,113,76;
130764,113,76;
130823,113,76;
130882,113,76;
130942,113,76;
131002,113,76;
131062,113,76;
131121,113,76;
131171,113,76;
131232,113,76;
131291,113,76;
131351,113,76;
131411,113,76;
131461,113,76;
131521,113,76;
131589,113,76;
131640,113,76;
131699,113,76;
131759,113,76;
131818,113,76;
131877,113,76;
131926,113,76;
131986,113,76;
132037,113,76;
132106,113,76;
132156,113,76;
132216,113,76;
132276,113,76;
132335,113,76;
132394,113,76;
132445,113,76;
132514,113,76;
132564,113,76;
132623,113,76;
132683,113,76;
132743,113,76;
132792,113,76;
132863,113,76;
132922,113,76;
132982,113,76;
133041,113,76;
133092,113,76;
133151,113,76;
133211,113,76;
133271,113,76;
133330,113,76;
133390,113,76;
133440,113,76;
133500,113,76;
133559,113,76;
133619,113,76;
133678,113,76;
133729,113,76;
133788,113,76;
133848,113,76;
133907,113,76;
133967,113,76;
134026,113,76;
134077,113,76;
134136,113,76;
134195,113,76;
134255,113,76;
134304,113,76;
134365,113,76;
134424,113,76;
134484,113,76;
134542,113,76;
134603,113,76;
134662,113,76;
134712,113,76;
134772,113,76;
134832,113,76;
134890,113,76;
134951,113,76;
135001,113,76;
135071,113,76;
135131,113,76;
135190,113,76;
135241,113,76;
135300,113,76;
135360,113,76;
135419,113,76;
135479,113,76;
135529,113,76;
135589,113,76;
135657,113,76;
135708,113,76;
135767,113,76;
135827,113,76;
135877,113,76;
135946,113,76;
136005,113,76;
136055,113,76;
136115,113,76;
136165,113,76;
136224,113,76;
136284,113,76;
136350,113,76;
136407,113,76;
136464,113,76;
136523,113,76;
136583,113,76;
136642,113,76;
136692,113,76;
136751,113,76;
136821,113,76;
136867,113,76;
136931,113,76;
136990,113,76;
137040,113,76;
137100,113,76;
137161,113,76;
137219,113,76;
137277,113,76;
137329,113,76;
137388,113,76;
137457,113,76;
137508,113,76;
137569,113,76;
137627,113,76;
137677,113,76;
137736,113,76;
137796,113,76;
137856,113,76;
137915,113,76;
137973,113,76;
138035,113,76;
138095,113,76;
138144,113,76;
138204,113,76;
138263,113,76;
138323,113,76;
138382,113,76;
138433,113,76;
138492,113,76;
138552,113,76;
138611,113,76;
138671,113,76;
138719,113,76;
138781,113,76;
138840,113,76;
138899,113,76;
138960,113,76;
139019,113,76;
139079,113,76;
139138,113,76;
139189,113,76;
139248,113,76;
139307,113,76;
139366,113,76;
139426,113,76;
139476,113,76;
139537,113,76;
139605,113,76;
139656,113,76;
139716,113,76;
139775,113,76;
139834,113,76;
139894,113,76;
139945,113,76;
140004,113,76;
140064,113,76;
140123,113,76;
140182,113,76;
140232,113,76;
140302,113,76;
140352,113,76;
140412,113,76;
140471,113,76;
140528,113,76;
139581,113,76;
140641,113,76;
140700,113,76;
140759,113,76;
140819,113,76;
140878,113,76;
140939,113,76;
140989,113,76;
141049,113,76;
141106,113,76;
141168,113,76;
141226,113,76;
141286,113,76;
141336,113,76;
141397,113,76;
141456,113,76;
141516,113,76;
140575,113,76;
141635,113,76;
141695,113,76;
141745,113,76;
141805,113,76;
141863,113,76;
141924,113,76;
141982,113,76;
142044,113,76;
142103,113,76;
142161,113,76;
142218,113,76;
142283,113,76;
142332,113,76;
142391,113,76;
142439,113,76;
142510,113,76;
142560,113,76;
142620,113,76;
142679,113,76;
142739,113,76;
142800,113,76;
142859,113,76;
142919,113,76;
142968,113,76;
143028,113,76;
143087,113,76;
143146,113,76;
143196,113,76;
143257,113,76;
143313,113,76;
143375,113,76;
143435,113,76;
143492,113,76;
143556,113,76;
143615,113,76;
143675,113,76;
143725,113,76;
143794,113,76;
143842,113,76;
143902,113,76;
143952,113,76;
144020,113,76;
144071,113,76;
144139,113,76;
144190,113,76;
144251,113,76;
144299,113,76;
144367,113,76;
144430,113,76;
144489,113,76;
144549,113,76;
144601,113,76;
144659,113,76;
144719,113,76;
144769,113,76;
144828,113,76;
144888,113,76;
144947,113,76;
145007,113,76;
145056,113,76;
145117,113,76;
145175,112,76;
145236,113,76;
145296,113,76;
145355,113,76;
145415,113,76;
145464,113,76;
145525,113,76;
145585,113,76;
145654,113,76;
145703,113,76;
145764,113,76;
145823,113,76;
145883,113,76;
145933,113,76;
146002,113,76;
146052,113,76;
146112,113,76;
146171,113,76;
146231,113,76;
146291,113,76;
146341,113,76;
146407,114,76;
146460,114,76;
146520,113,76;
145579,113,74;
146639,112,72;
146689,114,73;
146758,119,79;
146808,120,82;
146867,120,82;
146926,120,83;
146977,122,86;
147036,124,87;
147096,124,86;
147166,125,88;
147216,125,83;
147285,128,65;
147334,131,49;
147395,133,32;
147444,136,23;
147505,140,20;
147564,145,18;
147625,148,17;
147683,148,17;
147743,148,17;
147798,148,17;
147852,148,17;
147909,148,17;
147971,148,17;
148031,148,17;
148091,148,17;
148150,149,17;
148200,148,17;
148261,148,17;
148319,148,17;
148379,149,17;
148428,149,17;
148496,148,17;
148547,148,17;
148609,148,17;
148677,148,17;
148727,148,17;
148776,149,17;
148846,149,17;
148896,148,17;
148956,148,17;
149017,148,17;
149075,148,17;
149145,148,17;
149192,149,17;
149244,148,17;
149304,148,17;
149370,149,17;
149423,148,17;
149483,148,17;
149532,148,17;
149600,148,17;
149652,149,17;
149722,149,17;
149769,148,17;
149830,148,17;
149881,149,17;
149948,149,17;
150001,149,17;
150061,149,17;
150121,149,17;
150189,148,17;
150238,148,17;
150289,148,17;
150358,148,17;
150408,148,17;
150469,148,17;
150528,148,17;
150597,148,17;
150644,148,17;
150706,148,17;
150755,149,17;
150817,148,17;
150877,148,17;
150935,149,17;
150995,148,17;
151044,148,17;
151112,149,17;
151163,148,17;
151225,148,17;
151283,148,17;
151343,148,17;
151392,149,17;
151460,148,17;
151511,148,17;
151573,148,17;
151631,148,17;
151691,149,17;
151739,148,17;
151808,148,17;
151869,149,17;
151919,149,17;
151981,148,17;
152049,148,17;
152097,149,17;
152149,148,17;
152218,148,17;
152266,148,17;
152327,148,17;
152387,148,17;
152447,148,17;
152506,148,17;
152557,148,17;
152617,148,17;
152677,148,17;
152746,149,17;
152796,149,17;
152856,149,17;
152905,148,17;
152974,148,17;
153033,148,17;
153085,149,17;
153144,148,17;
153204,148,17;
153263,148,17;
153322,148,17;
153372,149,17;
153442,148,17;
153492,148,17;
153552,148,17;
153600,148,17;
153668,148,17;
153730,148,17;
153781,149,17;
153850,148,17;
153909,148,17;
153960,148,17;
154019,148,17;
154076,148,17;
154128,148,17;
154189,148,17;
154248,148,17;
154317,148,17;
154364,148,17;
154424,149,17;
154476,148,17;
154546,148,17;
154606,148,17;
154657,148,17;
154725,149,17;
154771,148,17;
154834,148,17;
154884,148,17;
154954,148,17;
155001,148,17;
155062,149,17;
155122,149,17;
155180,148,17;
155242,148,17;
155291,148,17;
155352,148,17;
155412,148,17;
155469,148,17;
155530,148,17;
155590,148,17;
155650,148,17;
155710,148,17;
155760,148,17;
155820,148,17;
155869,148,17;
155939,149,17;
155998,148,17;
156058,148,17;
156106,148,17;
156168,148,17;
156226,148,17;
156277,148,17;
156346,149,17;
156405,148,17;
156457,149,17;
156516,148,17;
155577,148,17;
156634,148,17;
156694,148,17;
156744,148,17;
156805,148,17;
156864,148,17;
156933,149,17;
156979,148,17;
157041,149,17;
157092,148,17;
157153,148,17;
157221,148,17;
157270,148,17;
157329,148,17;
157381,148,17;
157448,149,17;
157500,148,17;
157561,149,17;
157620,148,17;
157689,149,17;
157736,148,17;
157789,148,17;
157849,148,17;
157909,148,17;
157969,148,17;
158041,148,17;
158087,148,17;
158138,148,17;
158206,148,17;
158256,148,17;
158326,148,17;
158376,148,17;
158436,148,17;
158485,148,17;
158555,148,17;
158614,148,17;
158674,148,17;
158724,148,17;
158784,148,17;
158840,148,17;
158902,148,17;
158953,148,17;
159022,148,17;
159072,148,17;
159132,148,17;
159190,148,17;
159241,149,17;
159311,148,17;
159361,148,17;
159421,148,17;
159480,148,17;
159540,148,17;
159595,149,17;
159658,148,17;
159717,148,17;
159777,148,17;
159824,149,17;
159888,148,17;
159946,148,17;
160006,148,17;
160056,148,17;
160117,148,17;
160186,148,17;
160236,148,17;
160296,148,17;
160345,148,17;
160412,148,17;
160464,148,17;
160525,148,17;
160584,148,17;
160653,148,17;
160700,148,17;
160753,148,17;
160813,148,17;
160873,148,17;
160941,149,17;
160990,148,17;
161041,148,17;
161110,148,17;
161170,149,17;
161218,149,17;
161279,148,17;
161349,148,17;
161398,148,17;
161449,148,17;
161518,148,17;
161568,148,17;
161628,148,17;
161697,148,17;
161745,148,17;
161797,148,17;
161866,148,17;
161914,148,17;
161975,148,17;
162037,148,17;
162096,148,17;
162156,148,17;
162205,148,17;
162272,148,17;
162324,148,17;
162385,148,17;
162444,149,17;
162513,148,17;
162559,148,17;
162613,149,17;
162673,148,17;
162733,149,17;
162801,148,17;
162849,148,17;
162901,148,17;
162968,148,17;
163030,149,17;
163080,148,17;
163141,148,17;
163209,149,17;
163258,148,17;
163309,148,17;
163376,148,17;
163428,148,17;
163489,148,17;
163548,148,17;
163617,148,17;
163664,148,17;
163725,148,17;
163776,149,17;
163837,148,17;
163898,149,17;
163956,148,17;
164016,148,17;
164064,148,17;
164132,148,17;
164184,148,17;
164245,148,17;
164304,149,17;
164364,148,17;
164412,149,17;
164480,148,17;
164532,148,17;
164593,148,17;
164661,148,17;
164711,149,17;
164770,148,17;
164830,148,17;
164890,149,17;
164941,149,17;
165001,149,17;
165060,148,17;
165120,148,17;
165176,148,17;
165229,148,17;
165298,148,17;
165349,148,17;
165408,148,17;
165468,149,17;
165524,148,17;
164578,148,17;
165637,148,17;
165697,149,17;
165756,148,17;
165825,148,17;
165876,148,17;
165934,148,17;
165992,148,17;
166043,148,17;
166104,148,17;
166164,149,17;
166224,148,17;
166273,148,17;
166340,148,17;
166392,148,17;
166452,148,17;
166512,148,17;
166581,148,17;
166627,148,17;
166687,148,17;
166750,148,17;
166800,148,17;
166861,148,17;
166929,148,17;
166977,148,17;
167029,148,17;
167098,148,17;
167148,149,17;
167209,148,17;
167268,149,17;
167337,148,17;
167383,148,17;
167445,148,17;
167496,148,17;
167557,149,17;
167617,148,17;
167676,149,17;
167745,148,17;
167791,148,17;
167853,148,17;
167904,148,17;
167964,149,17;
168033,148,17;
168081,148,17;
168133,148,17;
168200,148,17;
168252,148,17;
168313,148,17;
168372,148,17;
168441,149,17;
168487,148,17;
168547,148,17;
168607,148,17;
168660,148,17;
168721,149,17;
168780,148,17;
168849,149,17;
168895,148,17;
168958,148,17;
169017,148,17;
169069,149,17;
169128,149,17;
169197,148,17;
169244,149,17;
169305,148,17;
169356,148,17;
169417,148,17;
169476,148,17;
169536,148,17;
169596,148,17;
169645,148,17;
169712,148,17;
169764,148,17;
169825,148,17;
169893,148,17;
169953,148,17;
169999,149,17;
170062,148,17;
170113,148,17;
170173,148,17;
170232,149,17;
170292,149,17;
170350,148,17;
170410,149,17;
170461,148,17;
170521,148,17;
170590,148,17;
170640,148,17;
170700,148,17;
170758,148,17;
170816,149,17;
170868,149,17;
170929,149,16;
170997,149,16;
171048,148,17;
171106,148,17;
171167,148,17;
171226,148,17;
171277,148,17;
171337,148,17;
171405,148,17;
171456,149,16;
171514,151,10;
170574,156,6;
171861,130,14;
171922,139,16;
171972,147,17;
172033,147,17;
172101,148,17;
172152,148,17;
172211,148,17;
172270,148,17;
172330,148,17;
172380,148,17;
172441,148,17;
172501,148,17;
172560,148,17;
172619,148,17;
172679,148,17;
172729,148,17;
172789,148,17;
172848,148,17;
172917,148,17;
172963,148,17;
173024,148,17;
173075,148,17;
173146,148,17;
173197,148,17;
173265,149,17;
173313,148,17;
173365,148,17;
173434,148,17;
173484,148,17;
173545,148,17;
173604,148,17;
173664,148,17;
173712,148,17;
173780,148,17;
173832,148,17;
173902,148,17;
173950,148,17;
174011,149,17;
174060,149,17;
174128,148,17;
174190,148,17;
174239,148,17;
174301,148,17;
174360,148,17;
174420,148,17;
174469,149,17;
174536,148,17;
174588,148,17;
174658,148,17;
174705,149,17;
174767,148,17;
174817,148,17;
174885,148,17;
174936,148,17;
175006,149,17;
175055,148,17;
175116,148,17;
175176,148,17;
175225,148,17;
175294,148,17;
175344,148,17;
175405,148,17;
175473,148,17;
175521,148,17;
175573,148,17;
175640,148,17;
175692,148,17;
175753,148,17;
175821,149,17;
175869,148,17;
175921,148,17;
175987,148,17;
176050,148,17;
176100,148,17;
176170,148,17;
176217,148,17;
176279,148,17;
176329,148,17;
176395,148,17;
176448,148,17;
176518,148,17;
176565,148,17;
176627,148,17;
176677,148,17;
176746,148,17;
176797,148,17;
176857,148,17;
176926,148,17;
176973,148,17;
177035,148,17;
177083,148,17;
177155,148,17;
177203,148,17;
177265,148,17;
177320,148,17;
177384,148,17;
177440,148,17;
177502,148,17;
177563,148,17;
177612,148,17;
177672,148,17;
177732,148,17;
177790,148,17;
177850,148,17;
177908,148,17;
177959,148,17;
178030,148,17;
178080,148,17;
178140,148,17;
178198,148,17;
178256,148,17;
178309,148,17;
178378,148,17;
178429,148,17;
178488,148,17;
178536,148,17;
178604,148,17;
178665,148,17;
178716,148,17;
178786,148,17;
178831,148,17;
178895,148,17;
178954,148,17;
179005,148,17;
179065,148,17;
179134,148,17;
179181,148,17;
179243,148,17;
179301,148,17;
179360,148,17;
179411,149,17;
179473,148,17;
179532,148,17;
179592,148,17;
179640,148,17;
179708,148,17;
179761,148,17;
179821,148,17;
179881,148,17;
179940,148,17;
180000,148,17;
180048,148,17;
180116,148,17;
180168,148,17;
180238,148,17;
180285,149,17;
180347,148,17;
180396,148,17;
180464,148,17;
180516,148,17;
180586,149,17;
180636,148,17;
180696,148,17;
180756,148,17;
180804,148,17;
180871,148,17;
180923,148,17;
180994,148,17;
181041,148,17;
181103,148,17;
181153,148,17;
181219,148,17;
181272,148,17;
181333,148,17;
181392,148,17;
181452,148,17;
181500,148,17;
181568,148,17;
181621,148,17;
181690,148,17;
181739,148,17;
181800,148,17;
181860,148,17;
181908,148,17;
181976,148,17;
182028,148,17;
182098,148,17;
182145,148,17;
182207,148,17;
182256,148,17;
182324,148,17;
182375,148,17;
182437,148,17;
182497,148,17;
182556,148,17;
182616,148,17;
182664,148,17;
182732,148,17;
182784,148,17;
182854,148,17;
182903,148,17;
182963,148,17;
183013,148,17;
183080,148,17;
183141,148,17;
183192,148,17;
183252,148,17;
183312,148,17;
183360,148,17;
183428,148,17;
183489,148,17;
183540,148,17;
183610,148,17;
183658,148,17;
183719,148,17;
183769,148,17;
183836,148,17;
183888,148,17;
183949,148,17;
184008,148,17;
184077,148,17;
184123,148,17;
184183,148,17;
184236,148,17;
184297,148,17;
184366,148,17;
184414,148,17;
184475,148,17;
184525,148,17;
184591,148,17;
184644,148,17;
184714,148,17;
184761,148,17;
184823,148,17;
184873,148,17;
184940,148,17;
184992,148,17;
185062,148,17;
185112,148,17;
185172,148,17;
185220,148,17;
185288,148,17;
185341,148,17;
185410,148,17;
185459,148,17;
185520,148,17;
184580,148,17;
185628,148,17;
185696,148,17;
185748,148,17;
185818,148,17;
185865,148,17;
185927,148,17;
185984,148,17;
186037,148,17;
186106,148,17;
186157,148,17;
186217,148,17;
186275,148,17;
186336,148,17;
186393,148,17;
186454,148,17;
186505,148,17;
186565,148,17;
186633,149,17;
186683,148,17;
186741,148,17;
186802,148,17;
186861,148,17;
186913,148,17;
186972,149,17;
187032,148,17;
187090,148,17;
187150,148,17;
187208,148,17;
187260,148,17;
187321,148,17;
187380,148,17;
187440,148,17;
187496,148,17;
187558,148,17;
187608,148,17;
187668,148,17;
187728,149,17;
187788,148,17;
187844,148,17;
187906,148,17;
187957,148,17;
188017,148,17;
188086,148,17;
188145,148,17;
188205,148,17;
188245,148,17;
188312,148,17;
188363,148,17;
188425,148,17;
188493,149,17;
188544,148,17;
188602,148,17;
188662,148,17;
188713,148,17;
188773,148,17;
188832,148,17;
188892,148,17;
188950,148,17;
189010,148,17;
189067,148,17;
189121,148,17;
189190,148,17;
189240,148,17;
189300,148,17;
189356,148,17;
189409,148,17;
189478,148,17;
189528,148,17;
189588,148,17;
189648,148,17;
189705,148,17;
189763,148,17;
189817,148,17;
189877,148,17;
189946,148,17;
189996,148,17;
190056,148,17;
190104,148,17;
190174,148,17;
190225,148,17;
190285,148,17;
190353,148,17;
190403,148,17;
190462,150,16;
190521,153,13;
190571,153,6;
190810,128,4;
190866,132,9;
190930,142,17;
190989,148,17;
191041,148,17;
191100,148,17;
191160,148,17;
191217,148,17;
191278,148,17;
191327,148,17;
191389,148,17;
191447,148,17;
191507,148,17;
191566,148,17;
191622,148,17;
191676,148,17;
191737,148,17;
191796,149,17;
191856,148,17;
191915,148,17;
191973,148,17;
192025,148,17;
192093,148,17;
192145,148,17;
192204,148,17;
192264,148,17;
192321,148,17;
192382,148,17;
192432,148,17;
192493,148,17;
192552,148,17;
192612,148,17;
192668,148,17;
192730,148,17;
192786,148,17;
192850,148,17;
192910,148,17;
192960,148,17;
193020,148,17;
193076,148,17;
193138,148,17;
193189,148,17;
193258,148,17;
193308,148,17;
193367,148,17;
193426,148,17;
193484,148,17;
193536,148,17;
193605,148,17;
193655,148,17;
193716,148,17;
193775,148,17;
193834,148,17;
193884,148,17;
193953,148,17;
194005,148,17;
194064,148,17;
194124,148,17;
194180,148,17;
194242,148,17;
194292,148,17;
194353,148,17;
194412,148,17;
194472,148,17;
194528,148,17;
194590,148,17;
194650,148,17;
194709,148,17;
194761,148,18;
194819,147,17;
194880,147,17;
194942,146,18;
194995,145,20;
195048,146,23;
195109,147,23;
195168,144,26;
195228,143,25;
195286,143,27;
195336,139,28;
195397,140,35;
196570,169,14;
196619,170,14;
196680,169,15;
196740,166,13;
196789,162,14;
196855,160,14;
196908,157,15;
196969,153,15;
197027,149,15;
197087,149,17;
197146,148,17;
197206,148,17;
197256,148,17;
197326,149,17;
197375,148,17;
197436,148,17;
197505,148,17;
197551,148,17;
197605,148,17;
197665,148,17;
197734,148,17;
197782,148,17;
197843,148,17;
197893,148,17;
197963,148,17;
198011,148,17;
198073,148,17;
198132,148,17;
198192,148,17;
198249,148,17;
198301,148,17;
198370,148,17;
198420,148,17;
198481,148,17;
198540,148,17;
198600,148,17;
198656,148,17;
198718,148,17;
198777,148,17;
198828,148,17;
198888,148,17;
198948,148,17;
199006,148,17;
199062,148,17;
199117,148,17;
199177,148,17;
199236,148,17;
199305,148,17;
199356,148,17;
199405,149,17;
199472,148,17;
199524,148,17;
199585,148,17;
199653,148,17;
199704,149,17;
199761,148,17;
199822,148,17;
199880,148,17;
199933,148,17;
199992,148,17;
200052,148,17;
200101,148,17;
200168,148,17;
200221,148,17;
200289,148,17;
200349,148,17;
200400,148,17;
200460,148,17;
200516,148,17;
199578,148,17;
200628,149,17;
200698,149,17;
200746,148,17;
200807,148,17;
200864,148,17;
200926,148,17;
200976,148,17;
201037,148,17;
201097,148,17;
201164,148,17;
201216,148,17;
201265,148,17;
201331,148,17;
201384,148,17;
201453,148,17;
201510,148,17;
201564,149,17;
201620,148,17;
201682,148,17;
201732,148,17;
201793,148,17;
201852,148,17;
201911,149,17;
201970,149,17;
202027,149,17;
202090,148,17;
202140,148,17;
202201,148,17;
202269,148,17;
202320,148,17;
202378,148,17;
202435,148,17;
202488,148,17;
202558,148,17;
202608,148,17;
202668,149,17;
202726,148,17;
202777,148,17;
202845,148,17;
202897,148,17;
202957,148,17;
203016,148,17;
203076,148,17;
203134,148,17;
203185,148,17;
203253,148,17;
203305,148,17;
203364,148,17;
203424,148,17;
203482,148,17;
203532,148,17;
203593,149,17;
203653,148,17;
203712,148,17;
203772,148,17;
203829,148,17;
203890,148,17;
203948,149,17;
203999,149,17;
204061,148,17;
204119,148,17;
204180,148,17;
204238,148,17;
204288,148,17;
204349,148,17;
204418,148,17;
204468,148,17;
204528,148,17;
204585,148,17;
204646,148,17;
204696,148,17;
204765,148,17;
204826,148,17;
204875,148,17;
204935,148,17;
204985,148,17;
205054,148,17;
205104,148,17;
205165,148,17;
205223,148,17;
205283,148,17;
205342,148,17;
205399,148,17;
205451,148,17;
205513,148,17;
205572,148,17;
205632,148,17;
205690,148,17;
205750,148,17;
205806,148,17;
205861,148,17;
205922,148,17;
205979,148,17;
206049,148,17;
206092,148,17;
206156,148,17;
206208,148,17;
206269,148,17;
206328,148,17;
206388,148,17;
206436,148,17;
206503,149,17;
206556,148,17;
206617,148,17;
206677,148,17;
206736,148,17;
206796,148,17;
206853,148,17;
206914,148,17;
206964,148,17;
207034,148,17;
207084,148,17;
207144,148,17;
207191,148,17;
207261,148,17;
207311,148,17;
207381,148,17;
207432,148,17;
207500,148,17;
207550,149,17;
207608,148,17;
207661,148,17;
207720,148,17;
207780,148,17;
207839,148,17;
207900,148,17;
207956,148,17;
208018,148,17;
208068,148,17;
208138,148,17;
208187,148,17;
208248,148,17;
208306,148,17;
208366,148,17;
208416,148,17;
208477,148,17;
208546,148,17;
208596,148,17;
208656,148,17;
208714,148,17;
208772,148,17;
208824,148,17;
208885,148,17;
208943,148,17;
209003,152,18;
209062,156,19;
209112,152,17;
209173,150,17;
209233,149,17;
209291,148,17;
209352,146,17;
209409,144,17;
209468,143,17;
209530,140,17;
209590,134,22;
209641,122,34;
209700,117,45;
209760,120,47;
209816,128,45;
209869,125,47;
209928,120,54;
209998,122,56;
210048,122,57;
210108,122,56;
210166,122,55;
210216,121,57;
210276,121,57;
210336,122,58;
210406,124,61;
210456,123,63;
210516,122,65;
210564,121,67;
210634,15,78;
210684,15,78;
210745,15,78;
210803,90,69;
210864,104,66;
210922,107,67;
210979,109,72;
211031,128,72;
211092,130,72;
211150,124,70;
211212,123,68;
211270,122,67;
211326,123,66;
211390,121,66;
211440,122,66;
211500,121,66;
211560,122,66;
211620,122,65;
211676,121,65;
211738,124,66;
211787,130,68;
211848,130,67;
211908,131,66;
211967,132,67;
212026,131,67;
212077,127,68;
212145,125,70;
212196,123,72;
212266,121,75;
212316,119,77;
212376,117,77;
212424,115,76;
212491,115,76;
212544,115,76;
212605,115,76;
212664,115,76;
212724,115,76;
212782,115,76;
212839,115,76;
212892,115,76;
212962,115,76;
213011,115,76;
213071,115,76;
213130,115,76;
213190,115,76;
213250,115,76;
213300,115,76;
213370,115,76;
213419,115,76;
213480,115,76;
213538,115,76;
213588,115,76;
213657,115,76;
213709,115,76;
213768,115,76;
213828,115,76;
213885,115,76;
213946,115,76;
214006,115,76;
214066,115,76;
214117,115,76;
214176,115,76;
214236,115,76;
214291,115,76;
214354,115,76;
214403,115,76;
214473,115,76;
214524,115,76;
214584,115,76;
214639,115,76;
214693,115,76;
214762,115,76;
214812,115,76;
214872,115,76;
214941,115,76;
214980,115,76;
215050,115,76;
215109,115,76;
215161,115,76;
215230,115,76;
215280,115,76;
215339,115,76;
215398,115,76;
215454,115,76;
215509,115,76;
215569,115,76;
215637,115,76;
215686,115,76;
215746,115,76;
215803,115,76;
215855,115,76;
215919,115,76;
215976,115,76;
216036,115,76;
216096,115,76;
216154,115,76;
216212,115,76;
216264,115,76;
216325,115,76;
216393,115,76;
216444,115,76;
216503,115,76;
216561,115,76;
216612,115,76;
216682,115,76;
216732,115,76;
216791,115,76;
216850,115,76;
216910,115,76;
216969,115,76;
217020,115,76;
217080,115,76;
217139,115,76;
217200,115,76;
217258,115,76;
217309,115,76;
217377,115,76;
217428,115,76;
217488,115,76;
217548,115,76;
217606,115,76;
217656,115,76;
217716,115,76;
217777,115,76;
217846,115,76;
217895,115,76;
217956,115,76;
218014,115,76;
218064,115,76;
218125,115,76;
218194,115,76;
218244,115,76;
218304,115,76;
218362,115,76;
218412,115,76;
218473,115,76;
218542,115,76;
218601,115,76;
218650,115,76;
218700,115,76;
218770,115,76;
218827,115,76;
218880,115,76;
218941,115,76;
219008,115,76;
219060,115,76;
219116,115,76;
219175,115,76;
219227,115,76;
219287,115,76;
219347,115,76;
219408,115,76;
219463,115,76;
219516,115,76;
219585,115,76;
219646,115,76;
219696,115,76;
219756,115,76;
219815,115,76;
219864,115,76;
219935,115,76;
219983,115,76;
220053,115,76;
220101,115,76;
220164,115,76;
220212,115,76;
220279,115,76;
220341,115,76;
220392,115,76;
220452,115,76;
220512,115,76;
220566,115,76;
220621,115,76;
220690,115,76;
220749,115,76;
220798,115,76;
220859,115,76;
220919,115,76;
220978,115,76;
221029,115,76;
221097,115,76;
221155,115,76;
221208,115,76;
