Mon Dec 19 21:52:46 2011

837,97,196;
879,96,196;
925,96,196;
975,96,197;
1023,96,197;
1070,96,197;
1119,95,197;
1168,96,198;
1215,95,198;
1263,96,198;
1321,96,198;
1367,96,197;
1419,96,198;
1468,96,198;
1515,97,198;
1564,96,198;
1609,97,197;
1670,97,196;
1716,99,194;
1769,99,193;
1825,100,193;
1872,100,192;
1911,100,192;
1961,100,192;
2016,100,192;
2066,101,192;
2117,101,192;
2163,102,192;
2205,102,192;
2281,101,192;
2326,101,193;
2368,100,193;
2414,101,193;
2473,100,194;
2521,100,195;
2560,99,197;
2619,100,197;
2665,100,198;
2714,99,198;
2763,99,199;
2812,98,199;
2871,98,199;
2916,102,198;
2966,104,198;
3014,106,197;
3061,105,197;
3113,106,197;
3159,106,196;
3209,105,195;
3265,106,195;
3314,104,194;
3362,106,193;
3403,105,193;
3460,98,194;
3507,97,194;
3567,97,194;
3615,96,194;
3662,96,193;
3711,96,193;
3760,98,193;
3804,98,192;
3862,98,192;
3903,98,192;
3951,99,192;
4012,100,192;
4059,98,193;
4117,100,192;
4158,98,192;
4202,97,192;
4252,97,192;
4323,106,190;
4380,105,191;
4431,105,191;
4476,104,191;
4517,105,191;
4560,104,191;
4611,106,191;
4660,105,191;
4707,103,191;
4756,105,191;
4802,105,190;
4853,105,190;
4901,108,190;
4957,107,189;
5004,109,189;
5057,110,189;
5113,106,190;
5164,102,190;
5210,98,191;
5259,98,192;
5305,98,192;
5355,97,192;
5403,98,192;
5452,98,192;
5508,97,192;
5557,99,191;
5609,98,191;
5651,97,192;
5702,98,192;
5749,98,191;
5799,98,191;
5846,98,191;
5906,97,192;
5953,98,191;
6014,97,191;
6063,98,191;
6105,97,191;
6158,98,191;
6199,97,192;
6254,98,191;
6303,97,191;
6351,97,191;
6400,97,191;
6448,97,191;
6497,97,191;
6552,97,191;
6604,98,191;
6650,97,191;
6700,97,191;
6748,97,191;
6807,97,191;
6854,97,191;
6894,97,191;
6950,97,191;
6997,96,191;
7048,98,191;
7096,100,190;
7146,102,190;
7193,106,188;
7251,105,188;
7292,105,188;
7349,104,189;
7394,103,189;
7452,103,189;
7502,101,190;
7551,99,190;
7598,100,190;
7644,99,191;
7695,100,190;
7743,101,190;
7802,102,190;
7857,105,189;
7900,104,189;
7947,103,189;
7996,99,190;
8043,97,191;
8102,96,191;
8150,97,191;
8195,97,192;
8247,96,192;
8295,97,191;
8344,96,191;
8391,97,191;
8450,96,191;
8496,97,191;
8539,97,191;
8589,97,191;
8654,96,191;
8711,96,192;
8753,97,191;
8800,97,191;
8847,97,191;
8895,96,191;
8943,97,191;
9001,96,191;
9050,97,191;
9099,96,191;
9145,97,191;
9194,97,191;
9243,97,191;
9292,97,191;
9337,97,191;
9386,98,191;
9436,97,191;
9482,98,191;
9540,98,191;
9587,98,191;
9640,98,191;
9684,98,192;
9745,98,191;
9791,98,191;
9842,99,191;
9891,98,191;
9939,98,191;
9988,100,191;
10033,98,191;
10085,98,192;
10139,98,194;
10192,98,195;
10239,98,196;
10285,98,197;
10336,98,198;
10384,97,198;
10429,97,199;
10491,96,199;
10537,95,201;
10586,95,201;
10636,95,201;
10684,95,199;
10743,94,197;
10782,94,196;
10839,93,196;
10885,94,196;
10945,96,196;
10994,97,197;
11043,98,197;
11091,100,197;
11137,103,197;
11183,105,199;
11234,107,200;
11283,108,201;
11331,107,203;
11378,106,204;
11428,107,204;
11487,107,205;
11533,108,206;
11583,108,206;
11630,108,207;
11690,108,208;
11736,108,208;
11785,108,207;
11825,108,208;
11882,107,207;
11930,107,207;
11977,107,207;
12029,106,206;
12074,105,206;
12135,104,207;
12179,104,206;
12229,104,205;
12280,103,205;
12328,103,205;
12374,104,206;
12425,103,205;
12494,104,205;
12539,104,205;
12590,104,205;
12639,103,205;
12685,104,205;
12735,104,205;
12782,104,205;
12830,105,205;
12880,106,205;
12927,106,204;
12973,105,205;
13024,106,204;
13082,107,203;
13132,106,203;
13180,106,204;
13225,106,204;
13275,108,204;
13322,106,203;
13380,107,203;
13431,107,203;
13478,106,203;
13523,108,202;
13575,107,202;
13624,107,202;
13681,106,203;
13729,107,202;
13770,106,202;
13824,107,202;
13876,106,203;
13923,106,203;
13982,106,202;
14031,105,202;
14077,105,202;
14123,106,203;
14172,105,202;
14224,106,203;
14269,106,202;
14320,107,202;
14376,107,202;
14422,107,202;
14475,106,202;
14533,106,202;
14580,105,203;
14621,105,202;
14667,104,204;
14713,103,203;
14776,103,204;
14823,102,204;
14872,103,204;
14919,103,203;
14978,102,203;
15026,102,204;
15075,102,204;
15120,102,204;
15166,103,203;
15220,102,204;
15279,102,204;
15325,103,203;
15375,102,203;
15423,102,204;
15471,102,203;
15519,103,204;
15568,102,204;
15616,102,204;
15663,102,204;
15722,102,204;
15771,102,204;
15819,102,204;
15867,102,204;
15915,102,203;
15974,102,204;
16021,103,204;
16065,102,203;
16116,102,204;
16166,103,203;
16213,102,204;
16265,102,204;
16322,102,204;
16370,103,203;
16416,102,203;
16465,103,203;
16516,102,204;
16560,103,204;
16622,102,204;
16671,102,204;
16719,103,203;
16765,103,203;
16816,102,203;
16863,102,203;
16921,102,203;
16961,102,204;
17019,102,204;
17067,102,204;
17114,102,204;
17163,103,204;
17208,102,204;
17257,102,204;
17308,102,203;
17367,102,203;
17415,102,203;
17464,101,204;
17512,103,203;
17572,102,203;
17619,102,201;
17665,102,202;
17710,102,201;
17752,102,201;
17812,102,201;
17860,102,200;
17909,102,200;
17957,102,201;
18034,102,201;
18076,102,200;
18130,101,200;
18173,101,199;
18217,102,200;
18266,102,200;
18315,101,200;
18361,102,199;
18410,102,200;
18470,101,199;
18516,101,199;
18564,101,199;
18614,101,200;
18663,101,199;
18711,101,198;
18759,101,199;
18816,101,199;
18865,101,199;
18915,101,199;
18960,101,200;
19009,101,199;
19060,102,199;
19109,102,199;
19154,102,199;
19203,102,199;
19258,102,199;
19310,102,199;
19355,102,199;
19403,101,199;
19455,102,199;
19503,102,200;
19563,102,199;
19610,101,200;
19655,101,199;
19704,101,199;
19756,102,199;
19803,101,199;
19861,101,199;
19907,101,199;
19956,102,198;
20007,102,199;
20054,102,199;
20098,102,200;
20161,101,200;
20220,102,200;
20270,101,199;
20316,102,200;
20363,101,199;
20403,102,199;
20462,101,198;
20512,102,199;
20560,102,200;
20607,102,199;
20652,102,199;
20699,101,200;
20752,102,199;
20799,101,200;
20846,101,200;
20897,101,200;
20954,102,199;
21001,101,200;
21051,101,199;
21098,101,199;
21156,102,200;
21203,102,199;
21254,102,199;
21298,102,200;
21349,102,200;
21399,101,199;
21447,102,200;
21496,101,199;
21545,102,200;
21603,102,200;
21651,102,199;
21699,102,200;
21747,102,199;
21807,101,199;
21852,102,199;
21903,102,200;
21951,102,199;
21999,102,199;
22048,101,200;
22097,102,199;
22155,101,199;
22203,101,199;
22249,101,200;
22295,101,200;
22357,101,200;
22403,101,200;
22445,102,200;
22490,101,199;
22541,102,199;
22590,102,200;
22649,101,200;
22692,101,199;
22744,101,199;
22802,101,199;
22846,101,199;
22899,101,199;
22946,101,199;
22996,101,199;
23042,101,200;
23092,101,199;
23143,101,199;
23187,101,199;
23247,101,199;
23293,101,200;
23340,101,200;
23388,102,199;
23447,102,199;
23487,101,199;
23537,101,199;
23594,101,200;
23643,101,199;
23692,102,199;
23739,101,199;
23788,101,199;
23836,101,199;
23895,101,199;
23942,101,199;
23992,101,199;
24049,101,199;
24098,101,199;
24144,102,199;
24195,101,199;
24243,102,199;
24291,101,199;
24351,101,199;
24399,101,200;
24446,102,199;
24489,101,200;
24538,101,199;
24589,102,199;
24637,102,199;
24685,101,199;
24736,100,199;
24781,101,199;
24842,101,199;
23889,101,200;
24936,101,199;
24988,101,199;
25036,101,199;
25084,101,199;
25133,101,199;
25190,101,199;
25237,101,199;
25289,101,199;
25333,100,199;
25383,101,198;
25432,101,199;
25487,101,198;
25534,101,199;
25587,101,200;
25637,100,199;
25683,100,199;
25731,100,199;
25780,101,199;
25839,101,198;
24888,101,199;
25934,101,199;
25982,101,199;
26042,101,199;
26090,101,199;
26139,100,199;
26185,100,199;
26227,100,199;
26283,101,199;
26331,101,199;
26381,100,199;
26425,101,199;
26487,100,199;
26535,101,199;
26583,101,199;
26629,100,199;
26681,100,199;
26728,101,199;
26787,101,199;
26830,100,200;
26883,101,198;
26929,101,198;
26980,101,199;
27039,100,199;
27087,101,198;
27134,100,199;
27183,100,199;
27232,101,199;
27276,101,198;
27327,100,199;
27387,101,198;
27434,100,199;
27482,100,199;
27530,101,199;
27580,100,199;
27627,100,200;
27687,100,198;
27734,101,199;
27782,100,199;
27831,101,198;
27879,101,199;
27924,101,199;
27975,101,198;
28024,101,199;
28073,101,199;
28131,100,198;
28179,100,199;
28225,101,199;
28271,101,198;
28326,100,199;
28381,100,199;
28421,101,200;
28476,100,198;
28526,100,199;
28576,101,198;
28622,101,198;
28682,101,199;
28728,101,199;
28778,100,197;
28824,100,198;
28899,100,198;
28947,100,198;
28994,101,199;
29040,100,198;
