Mon Dec 19 20:39:42 2011

808,152,53;
853,152,54;
932,152,54;
980,152,54;
1032,152,53;
1086,152,53;
1134,152,53;
1176,152,54;
1233,152,54;
1281,152,54;
1331,152,54;
1389,152,54;
1438,152,54;
1486,152,54;
1530,152,54;
1583,152,54;
1629,152,55;
1680,150,53;
1726,150,54;
1784,152,54;
1830,153,56;
1883,153,55;
1927,153,55;
1979,153,55;
2025,152,55;
2075,153,55;
2136,153,55;
2185,153,55;
2228,153,55;
2277,153,55;
2328,153,55;
2373,152,55;
2434,153,55;
2481,152,55;
2530,152,55;
2575,152,54;
2636,152,55;
2684,153,55;
2733,152,55;
2782,152,55;
2827,152,55;
2876,152,55;
2923,152,55;
1985,153,54;
3030,152,55;
3076,152,55;
3129,152,54;
3175,153,55;
3228,153,55;
3272,153,55;
3321,152,55;
3369,152,54;
3427,152,55;
3480,153,55;
3527,152,55;
3570,152,55;
3619,152,55;
3676,152,55;
3729,153,55;
3775,153,55;
3825,152,55;
3872,152,54;
3924,152,55;
3971,152,55;
4024,153,55;
4074,152,55;
4124,152,55;
4174,152,54;
4217,153,55;
4280,152,54;
4326,153,55;
4374,153,55;
4422,152,54;
4463,152,55;
4520,153,55;
4575,152,55;
4631,153,55;
4677,153,55;
4721,152,55;
4774,152,55;
4824,152,54;
4870,152,55;
4918,153,55;
4976,152,54;
5023,153,55;
5067,153,55;
5112,153,55;
5168,153,55;
5218,152,55;
5269,152,55;
5326,153,55;
5372,152,54;
5421,152,55;
5470,152,55;
5517,152,55;
5567,153,55;
5622,152,54;
5664,152,55;
5712,153,55;
5768,152,55;
5819,153,55;
5864,152,55;
5911,153,55;
5961,153,55;
6011,153,55;
6059,152,54;
6115,152,55;
6175,153,55;
6220,152,55;
6272,152,54;
6320,152,55;
6369,152,55;
6419,153,55;
6467,152,54;
6510,152,54;
6562,152,55;
6610,152,54;
6669,152,55;
6716,152,55;
6763,152,55;
6813,152,55;
6861,152,55;
6911,153,55;
6959,152,54;
7011,152,54;
7066,152,54;
7111,152,54;
7162,153,55;
7208,152,54;
7265,153,55;
7309,152,54;
7356,152,55;
7413,153,55;
7463,152,54;
7513,152,54;
7556,152,54;
7607,152,55;
7663,153,55;
7709,152,55;
7761,152,55;
7809,152,54;
7859,152,54;
7907,152,55;
7971,152,54;
8014,153,55;
8059,152,55;
8104,153,55;
8158,152,54;
8204,152,54;
8263,153,55;
8304,152,55;
8360,152,55;
8408,152,54;
8467,152,55;
8507,152,54;
8555,152,55;
8612,153,55;
8671,152,54;
8721,153,55;
8767,152,54;
8817,153,55;
8860,152,54;
8901,152,55;
8958,152,55;
9009,152,55;
9058,153,55;
9104,152,55;
9156,153,55;
9210,152,54;
9261,152,54;
9306,153,55;
9359,152,55;
9405,152,54;
9454,152,55;
9503,152,55;
9552,152,55;
9612,153,55;
9656,152,54;
9717,153,55;
9765,153,55;
9811,152,54;
9852,153,55;
9897,152,54;
9955,152,54;
10006,152,55;
10054,152,54;
10101,152,55;
10160,152,54;
10208,152,55;
10257,152,55;
10302,152,55;
10354,152,54;
10401,152,54;
10450,152,55;
10497,152,55;
10547,152,55;
10599,152,55;
10658,153,55;
10701,152,55;
10749,152,55;
10799,152,54;
10847,153,55;
10907,153,55;
10950,152,55;
11000,153,55;
11047,153,55;
11098,153,55;
11156,152,55;
11203,153,55;
11249,153,55;
11298,153,55;
11353,153,55;
11400,153,55;
11446,152,55;
11501,153,55;
11553,153,56;
11603,153,56;
11650,153,55;
11697,153,55;
11748,153,55;
11805,152,55;
11855,152,55;
11901,153,55;
11941,153,55;
11996,152,55;
12045,153,55;
12109,153,56;
12152,153,56;
12192,152,55;
12244,152,54;
12299,152,53;
12347,151,53;
12392,151,53;
12444,151,52;
12497,151,53;
12547,151,53;
12594,152,53;
12647,151,53;
12693,151,53;
12743,152,53;
12804,152,53;
12849,151,53;
12888,151,53;
12943,152,54;
12994,152,55;
13052,152,55;
13091,153,56;
13137,152,55;
13194,152,54;
13244,152,54;
13287,152,55;
13342,152,55;
13389,152,55;
13438,153,55;
13487,152,55;
13555,152,55;
13596,153,55;
13642,152,55;
13690,153,55;
13740,153,55;
13782,153,55;
13847,153,56;
13894,153,55;
13939,153,55;
12989,153,55;
14043,153,55;
14091,153,55;
14132,152,55;
14194,152,55;
14240,153,55;
14289,153,55;
14342,153,55;
14389,153,55;
14446,152,55;
14493,153,55;
14541,153,56;
14586,153,56;
14636,153,55;
14687,153,55;
14737,152,55;
14782,152,55;
14842,153,56;
14889,153,56;
14939,153,55;
14983,153,55;
15035,153,56;
15092,153,55;
15139,153,55;
15188,153,55;
15235,153,56;
15282,153,55;
15330,152,55;
15388,153,55;
15435,152,55;
15479,152,55;
15535,153,55;
15579,153,55;
15637,152,55;
15682,153,55;
15740,153,55;
15784,153,55;
15838,153,55;
15886,153,55;
15929,153,55;
15982,153,55;
16037,153,55;
16076,153,55;
16135,153,55;
16184,153,55;
16232,153,55;
16279,153,55;
16334,152,55;
16389,153,56;
16435,153,55;
16477,153,55;
16529,153,56;
16580,153,55;
16630,153,55;
16677,153,55;
16727,153,56;
16787,153,55;
16833,153,56;
16878,153,55;
16929,153,55;
16976,153,55;
17034,153,55;
17077,153,55;
17132,153,56;
17178,153,56;
17234,153,56;
17276,153,56;
17324,153,56;
17373,153,56;
17425,153,56;
17483,153,55;
17529,152,55;
17578,153,56;
17625,153,55;
17684,153,55;
17730,153,55;
17778,153,55;
17826,153,55;
17878,153,55;
17938,153,55;
17983,153,55;
18033,153,55;
18072,152,55;
18132,152,55;
18178,153,55;
18222,153,55;
18273,153,55;
18324,153,56;
18371,153,56;
18426,152,55;
18467,153,56;
18526,153,56;
18574,153,55;
18633,153,56;
18680,153,56;
18725,153,55;
18770,153,55;
18825,153,55;
18873,153,56;
18921,153,55;
18970,153,55;
19019,153,55;
19068,153,55;
19123,153,55;
19185,153,55;
19233,152,55;
19278,153,55;
19318,153,56;
19377,153,55;
19425,153,55;
19472,153,56;
19519,153,56;
19570,154,56;
19628,153,55;
19668,153,56;
19725,153,56;
19771,153,55;
19821,153,55;
19862,153,56;
19928,153,55;
19967,152,55;
20014,153,56;
20072,153,56;
20119,153,55;
20172,153,56;
20215,153,55;
20268,153,56;
20314,153,55;
20375,153,55;
20422,153,56;
20470,153,56;
20512,153,56;
20564,153,55;
20624,153,56;
20667,153,55;
20718,153,55;
20764,153,55;
20822,153,56;
20869,153,55;
20914,153,55;
20962,153,55;
21019,153,56;
21067,153,56;
21115,153,55;
21166,153,56;
21216,153,55;
21259,153,55;
21310,153,55;
21369,153,55;
21417,153,55;
21465,153,55;
21517,152,55;
21561,152,55;
21612,153,55;
21668,153,55;
21707,153,56;
21758,152,55;
21813,152,55;
21862,152,55;
21911,153,56;
21964,152,55;
22018,152,55;
22062,152,55;
22119,152,55;
22163,152,55;
22211,152,55;
22258,153,55;
22316,152,55;
22361,153,55;
22405,152,55;
22461,152,55;
22508,153,55;
22559,153,55;
22616,153,55;
22656,152,55;
22712,152,55;
22760,152,55;
22806,152,55;
22859,152,55;
22916,153,55;
22955,153,56;
23013,152,55;
23060,152,55;
23111,151,56;
23158,148,57;
23206,147,59;
23254,147,60;
23315,146,59;
23363,146,60;
23409,146,62;
23456,169,101;
23510,195,107;
23563,184,79;
23613,179,72;
23661,174,66;
23712,171,65;
23757,169,66;
23803,168,70;
23854,166,72;
23903,167,78;
23970,167,81;
24018,170,90;
24058,175,102;
24106,182,116;
24153,198,147;
24212,210,171;
24251,219,186;
24307,218,186;
24356,218,186;
24408,218,187;
24450,218,187;
24503,218,186;
24548,218,186;
24609,218,186;
24655,218,187;
24703,218,186;
24754,218,186;
24801,219,186;
24850,218,187;
24899,218,186;
24957,218,186;
25004,218,187;
25054,218,186;
25104,216,184;
25151,218,186;
25198,218,187;
25256,216,184;
25297,211,177;
25356,218,186;
25398,216,184;
25449,218,187;
25508,219,186;
25555,218,186;
25602,218,186;
25644,218,187;
25710,218,186;
25751,218,186;
25797,218,186;
25855,218,187;
25901,218,186;
25948,218,186;
26007,218,187;
26053,218,186;
26097,218,186;
26144,218,186;
26194,218,186;
26252,218,187;
26300,218,186;
26351,218,187;
26397,218,186;
26448,218,186;
26493,218,187;
26543,218,187;
26601,210,176;
26649,191,151;
26711,159,111;
26759,138,83;
26805,135,80;
26853,133,78;
26899,130,76;
26939,134,80;
26996,133,79;
27041,134,81;
27099,132,78;
27143,132,78;
27197,132,78;
27240,131,76;
27290,132,78;
27347,131,76;
27394,132,76;
27451,131,75;
27501,132,77;
27550,129,74;
27595,130,75;
27641,131,75;
27704,129,74;
27749,133,78;
27789,132,78;
27839,134,80;
27890,133,80;
27940,134,81;
26992,136,84;
28040,136,84;
28090,137,86;
28139,137,85;
28197,134,82;
28242,135,81;
28294,135,82;
28342,136,82;
28389,135,82;
28439,137,84;
28487,134,80;
28545,138,85;
28591,139,86;
28639,137,84;
28691,139,86;
28738,139,86;
28795,139,87;
28845,137,83;
28893,136,82;
28938,138,84;
27989,138,84;
29039,138,84;
29095,136,81;
29135,135,80;
29193,135,80;
29238,137,82;
29289,136,80;
29349,133,77;
29398,135,79;
29443,135,79;
29492,132,74;
29540,132,73;
29587,129,69;
29637,129,68;
29685,127,65;
29744,127,63;
29789,126,60;
29840,127,59;
29880,126,58;
29938,125,59;
29983,127,62;
30036,126,63;
30083,128,66;
30135,132,71;
30189,138,78;
30229,146,89;
30284,162,113;
30332,199,161;
30381,218,186;
30441,218,187;
30482,218,187;
30534,218,186;
30584,219,186;
30629,218,186;
30684,218,186;
30732,218,187;
30779,218,186;
30835,218,187;
30882,219,186;
30934,218,186;
30980,211,175;
31030,200,164;
31076,188,147;
31135,171,124;
31185,159,108;
31233,152,96;
31278,148,89;
31330,148,89;
31377,143,82;
31427,143,81;
31485,142,80;
31531,143,82;
31582,147,89;
31631,149,93;
31678,151,96;
31726,154,100;
31785,157,104;
31827,157,104;
31886,158,106;
31930,157,105;
31978,166,117;
32036,169,121;
32087,169,122;
32136,182,139;
32178,176,131;
32229,178,134;
32277,180,137;
32327,173,127;
32374,178,134;
32433,174,128;
32471,171,125;
32530,164,115;
32575,163,113;
32626,159,108;
32674,154,101;
32731,153,98;
32780,151,95;
32829,148,91;
32875,146,88;
32927,146,87;
32974,142,82;
33019,144,85;
33082,142,82;
33127,146,88;
33178,147,90;
33227,147,91;
33274,146,89;
33322,145,88;
33371,148,91;
33430,145,87;
33476,141,81;
33522,137,76;
33571,135,72;
33623,133,69;
33673,131,59;
33717,130,54;
33772,131,52;
33825,131,51;
33873,131,49;
33922,132,47;
33970,132,46;
34019,133,46;
34079,133,45;
34127,133,45;
34173,133,44;
34219,134,44;
34279,133,43;
34319,133,44;
34366,133,43;
34424,134,43;
34472,134,44;
34523,133,44;
34573,134,44;
34618,133,44;
34664,133,44;
34723,133,45;
34772,132,45;
34824,132,46;
34867,132,47;
34914,132,48;
34969,132,48;
35013,131,48;
35063,131,47;
35121,132,49;
35167,131,50;
35216,131,49;
35267,131,51;
35312,131,51;
35373,131,52;
35414,130,53;
35471,130,52;
35515,131,53;
35565,130,53;
35623,131,55;
35668,130,54;
35723,130,54;
35767,130,54;
35817,131,55;
35876,130,55;
35925,131,55;
35970,130,55;
36021,131,57;
36068,131,60;
36114,130,61;
36167,133,67;
36212,133,68;
36271,132,69;
36321,133,71;
36371,134,74;
36420,137,79;
36462,137,79;
36513,138,81;
36562,143,78;
36609,143,79;
36668,137,80;
36711,138,81;
36763,138,81;
36810,138,74;
36860,146,83;
36912,161,94;
36959,167,100;
37017,169,112;
37067,174,114;
37110,151,88;
37161,139,72;
37211,135,62;
37260,132,60;
37305,133,60;
37360,132,58;
37412,131,57;
37463,131,56;
37513,131,56;
37555,131,53;
37605,131,48;
37664,133,45;
37713,134,42;
37762,134,41;
37806,134,41;
37865,134,42;
37906,134,42;
37955,134,41;
38012,134,41;
38059,134,41;
38109,134,41;
38156,134,40;
38207,134,41;
38253,134,41;
38310,134,40;
38362,134,41;
38417,134,41;
38457,134,41;
38503,134,40;
38552,135,41;
38607,134,40;
38658,134,40;
38704,135,41;
38758,134,41;
38810,134,41;
38858,134,41;
38900,134,41;
38959,134,39;
39000,135,41;
39061,135,41;
39103,135,40;
39153,135,41;
39200,135,40;
39251,134,40;
39310,134,40;
39355,135,40;
39403,134,40;
39455,135,41;
39502,134,40;
39551,134,40;
39607,135,40;
39657,135,41;
39702,135,40;
39759,135,41;
39799,135,40;
39851,135,40;
39894,135,40;
39957,135,40;
40005,135,41;
40054,135,41;
40102,135,41;
40159,135,40;
40199,135,40;
40256,134,40;
40305,135,40;
40346,135,40;
40404,135,40;
40449,135,40;
40505,135,39;
40556,135,40;
40608,134,40;
40654,135,40;
40702,135,40;
40750,135,40;
40795,135,40;
40845,135,39;
40893,135,40;
40953,135,39;
40992,135,40;
41051,135,40;
41098,135,40;
41147,135,41;
41193,135,40;
41250,135,40;
41306,135,40;
41349,135,40;
41397,135,40;
41456,135,40;
41502,135,39;
41545,135,40;
41605,135,40;
41649,135,40;
41698,135,41;
41758,135,39;
41803,135,40;
41843,135,39;
41901,135,40;
41946,135,40;
42002,135,40;
42046,135,40;
42093,135,40;
42152,134,40;
42190,135,40;
42251,135,40;
42297,134,39;
42344,135,40;
42390,135,39;
42443,135,40;
42498,135,40;
42549,135,39;
42596,135,41;
42648,135,39;
42694,134,39;
42741,135,39;
42787,135,40;
42848,135,40;
42890,135,39;
42936,135,40;
41992,135,39;
43037,134,39;
43092,135,39;
43140,135,39;
43198,135,40;
43242,135,41;
43285,135,40;
43343,135,39;
43389,135,40;
43447,135,39;
43491,135,40;
43547,135,40;
43596,135,40;
43639,135,39;
43689,135,39;
43740,135,39;
43795,135,39;
43842,135,39;
43884,135,39;
43934,134,38;
42990,135,39;
44043,135,40;
44095,135,39;
44141,135,40;
44185,135,39;
44234,135,39;
44289,135,40;
44334,135,40;
44387,135,39;
44435,135,40;
44479,134,39;
44539,135,40;
44585,135,39;
44638,135,39;
44685,135,39;
44735,135,40;
44780,135,39;
44851,135,40;
44891,135,39;
44937,135,40;
43985,134,38;
45034,135,39;
45082,135,39;
45132,135,39;
45189,135,39;
45233,134,39;
45285,135,40;
45331,135,39;
45384,135,40;
45430,135,40;
45489,135,39;
45532,135,39;
45586,134,38;
45634,135,39;
45678,135,40;
45740,135,39;
45790,135,39;
45838,135,39;
45883,135,39;
45934,135,39;
45974,135,39;
46038,135,40;
46077,135,39;
46136,135,39;
46181,135,40;
46235,135,39;
46282,135,39;
46329,135,39;
46388,135,39;
46427,135,39;
46485,135,39;
46534,135,40;
46582,135,40;
46625,135,39;
46688,134,38;
46736,135,39;
46785,135,39;
46833,135,40;
46881,135,40;
46941,135,40;
46994,135,39;
47038,134,39;
47078,135,39;
47127,135,40;
47180,135,39;
47230,135,39;
47281,134,39;
47329,134,39;
47376,135,39;
47438,135,39;
47478,135,40;
47528,135,39;
47578,135,39;
47626,134,38;
47685,135,39;
47732,135,39;
47775,135,39;
47830,134,38;
47879,135,39;
47920,135,39;
47970,135,39;
48029,135,39;
48073,135,40;
48129,135,39;
48175,135,38;
48225,135,39;
48275,135,39;
48319,135,40;
48371,135,40;
48429,135,40;
48478,135,40;
48536,135,40;
48576,135,39;
48623,135,39;
48671,135,39;
48720,135,39;
48780,135,39;
48825,135,39;
48869,135,39;
48913,135,40;
48970,135,39;
49017,135,39;
49072,135,39;
49116,135,39;
49186,135,39;
49237,135,40;
49281,135,39;
49337,135,40;
49377,135,39;
49423,135,39;
49473,135,39;
49521,135,39;
49569,135,39;
49618,135,40;
49666,135,39;
49725,135,40;
49771,135,39;
49819,135,39;
49870,135,40;
49918,135,40;
49965,135,40;
50015,135,39;
50075,135,39;
50123,135,39;
50165,135,39;
50217,135,40;
50276,135,39;
50326,135,39;
50373,135,39;
50419,135,39;
50460,135,40;
50518,135,39;
50565,134,39;
50625,135,39;
50670,134,38;
50718,135,39;
50767,135,39;
50820,135,40;
50866,135,39;
50914,135,39;
50962,135,39;
51026,135,39;
51068,135,40;
51113,135,40;
51166,135,39;
51215,135,39;
51278,135,39;
51332,135,39;
51381,135,39;
51429,135,39;
51475,135,40;
51515,134,38;
51561,135,40;
51604,135,38;
51669,135,39;
51717,134,38;
51762,134,38;
51820,135,39;
51865,135,39;
51908,135,39;
51958,135,39;
52017,134,39;
52064,135,39;
52116,135,39;
52174,135,39;
52218,135,39;
52258,135,39;
52306,135,39;
52368,135,39;
52412,135,39;
52456,135,40;
52510,135,39;
52560,135,39;
52607,134,39;
52665,135,39;
52712,135,39;
52767,135,39;
52812,135,40;
52855,136,39;
52904,135,39;
52955,135,39;
53013,135,39;
53061,135,39;
53109,135,40;
53152,135,39;
53213,135,39;
53265,135,40;
53313,135,39;
53354,135,39;
53408,135,39;
53465,135,39;
53515,135,39;
53554,135,39;
53603,135,39;
53662,135,39;
53709,135,40;
53771,135,39;
53815,135,39;
53853,135,39;
53903,135,38;
53960,135,39;
54008,135,39;
54057,135,39;
54103,135,39;
54157,135,39;
54201,135,39;
54248,135,40;
54308,135,39;
54349,135,38;
54416,135,39;
54464,135,39;
54509,135,39;
54560,135,39;
54603,135,39;
54647,135,39;
54705,135,39;
54764,135,39;
54804,135,39;
54852,135,40;
54909,135,40;
54954,135,38;
55006,135,39;
55054,135,39;
55102,135,39;
55160,135,39;
55203,135,39;
55247,135,39;
55307,135,39;
55352,135,39;
55400,135,40;
55450,135,39;
55503,135,39;
55544,135,39;
55604,135,39;
55649,135,39;
55705,135,39;
55751,135,39;
55799,135,40;
55846,135,39;
55903,135,39;
55945,135,38;
56000,135,38;
56047,135,39;
56097,135,39;
56156,135,40;
56202,135,39;
56252,135,39;
56297,135,39;
56348,135,38;
56399,135,39;
56445,135,39;
56505,135,39;
56549,134,38;
56598,135,38;
56640,135,39;
56699,135,38;
56745,135,39;
56804,135,39;
56855,135,39;
56900,135,39;
56940,135,38;
56996,135,39;
57045,135,39;
57094,135,39;
57152,135,40;
57201,135,39;
57249,135,39;
57299,135,39;
57347,135,39;
57393,135,39;
57441,135,38;
57489,135,39;
57540,135,39;
57597,135,39;
57644,135,39;
57693,135,39;
57740,135,40;
57791,135,39;
57836,135,39;
57894,135,39;
57941,135,38;
57996,135,39;
58042,135,39;
58088,135,38;
58141,135,39;
58201,135,39;
58244,134,38;
58290,135,40;
58348,135,39;
58400,135,39;
58451,135,39;
58497,135,40;
58546,135,40;
58591,135,39;
58642,135,39;
58687,135,39;
58737,135,39;
58794,135,40;
58835,135,39;
58896,135,39;
58942,135,38;
57990,136,40;
59040,135,40;
59095,135,40;
59136,135,40;
59193,135,40;
59238,136,42;
59288,137,42;
59339,136,42;
59386,137,43;
