Mon Dec 19 20:39:42 2011

809,530,151;
853,530,151;
933,530,151;
980,531,151;
1032,530,151;
1086,530,151;
1134,530,151;
1177,530,151;
1233,530,151;
1281,531,151;
1332,530,151;
1389,530,151;
1438,531,151;
1486,530,150;
1530,531,150;
1583,530,151;
1629,529,151;
1680,530,150;
1727,530,151;
1785,531,151;
1830,529,150;
1883,530,150;
1928,530,150;
1979,530,151;
2026,531,149;
2075,531,151;
2136,530,150;
2185,530,150;
2228,529,150;
2277,529,151;
2329,529,151;
2373,529,150;
2434,530,150;
2482,529,151;
2530,529,152;
2576,529,150;
2636,529,151;
2685,529,151;
2734,529,150;
2782,529,150;
2827,529,151;
2877,529,152;
2923,529,152;
1985,529,150;
3030,529,150;
3076,529,151;
3129,531,149;
3175,529,150;
3228,530,150;
3272,529,152;
3321,530,151;
3370,529,152;
3427,531,149;
3480,530,150;
3528,530,151;
3571,531,149;
3619,530,151;
3676,528,151;
3730,530,150;
3776,529,149;
3825,529,150;
3873,529,152;
3925,529,151;
3972,530,151;
4025,529,150;
4074,530,152;
4124,530,150;
4175,529,149;
4217,530,151;
4281,530,150;
4326,529,152;
4374,529,151;
4423,530,151;
4463,528,151;
4521,529,151;
4576,528,151;
4632,530,151;
4677,531,149;
4722,530,152;
4774,527,152;
4824,529,151;
4871,531,151;
4919,530,151;
4977,529,152;
5024,529,150;
5068,528,152;
5112,530,149;
5168,531,149;
5219,530,151;
5270,530,150;
5326,530,151;
5373,531,149;
5421,530,150;
5471,529,151;
5517,530,151;
5567,531,150;
5622,529,152;
5664,530,151;
5712,530,151;
5769,528,151;
5820,530,151;
5864,530,150;
5911,531,151;
5961,529,152;
6012,530,150;
6060,529,150;
6115,531,151;
6175,530,151;
6221,529,151;
6273,529,152;
6320,529,151;
6369,529,149;
6419,530,150;
6468,530,151;
6511,529,152;
6563,530,151;
6610,529,151;
6669,529,151;
6717,530,150;
6764,529,151;
6813,530,150;
6862,530,150;
6911,530,150;
6959,530,150;
7011,529,151;
7066,529,152;
7112,530,151;
7162,529,151;
7208,529,151;
7265,529,151;
7309,529,151;
7356,530,149;
7414,528,152;
7463,529,151;
7513,531,151;
7556,528,151;
7608,529,151;
7664,531,150;
7709,528,151;
7762,531,151;
7810,528,151;
7859,529,151;
7907,529,151;
7971,529,151;
8015,529,151;
8059,528,153;
8104,530,151;
8158,529,151;
8204,528,151;
8263,530,150;
8304,530,150;
8360,531,149;
8408,529,151;
8467,530,150;
8507,529,152;
8555,530,151;
8612,529,150;
8673,530,150;
8722,529,152;
8768,530,151;
8818,530,150;
8861,530,151;
8901,530,150;
8959,530,150;
9010,530,150;
9058,530,151;
9105,530,151;
9156,529,151;
9211,531,151;
9261,531,150;
9307,529,151;
9360,530,150;
9406,529,151;
9455,529,152;
9503,529,152;
9552,530,151;
9612,530,151;
9657,530,152;
9717,529,152;
9765,531,151;
9812,530,152;
9852,529,151;
9898,530,150;
9955,530,152;
10006,529,151;
10055,530,151;
10101,529,150;
10161,527,152;
10208,529,150;
10257,529,151;
10302,530,150;
10355,529,151;
10402,529,152;
10450,529,150;
10497,529,152;
10548,529,151;
10599,529,152;
10658,530,151;
10702,530,150;
10749,530,151;
10799,530,149;
10848,530,151;
10908,529,150;
10950,529,150;
11001,530,150;
11047,529,149;
11098,527,154;
11157,530,150;
11204,530,150;
11250,531,149;
11299,528,151;
11353,531,148;
11400,527,151;
11447,528,151;
11501,528,150;
11554,527,153;
11603,528,152;
11650,528,151;
11698,528,150;
11749,528,151;
11805,528,151;
11855,530,150;
11901,528,152;
11941,527,150;
11996,528,150;
12045,527,149;
12109,526,154;
12152,529,150;
12193,528,150;
12244,528,149;
12300,528,151;
12347,529,150;
12393,529,150;
12444,528,150;
12498,529,151;
12548,530,150;
12594,528,152;
12648,528,150;
12694,527,152;
12744,530,149;
12805,529,150;
12849,529,151;
12889,528,151;
12944,528,151;
12995,529,149;
13052,529,150;
13091,529,151;
13137,527,152;
13195,528,151;
13245,529,148;
13288,527,150;
13342,528,151;
13390,528,152;
13439,530,148;
13487,529,149;
13556,528,151;
13596,530,151;
13642,529,150;
13691,528,150;
13740,527,150;
13783,529,150;
13848,530,147;
13895,529,150;
13939,531,150;
12990,530,150;
14044,528,152;
14092,527,151;
14133,529,151;
14194,528,149;
14241,529,149;
14289,527,151;
14343,530,150;
14390,528,151;
14446,529,150;
14494,528,151;
14541,527,153;
14586,526,151;
14636,528,152;
14688,527,152;
14737,528,150;
14783,529,150;
14842,530,151;
14889,528,151;
14940,530,150;
14984,528,150;
15035,528,151;
15092,529,151;
15140,527,151;
15188,528,151;
15236,528,151;
15283,529,150;
15330,528,149;
15388,528,150;
15436,528,151;
15480,527,150;
15536,529,151;
15579,530,149;
15638,529,151;
15683,529,150;
15740,528,150;
15784,530,150;
15838,528,151;
15887,529,149;
15929,530,149;
15982,529,150;
16038,529,151;
16077,525,153;
16136,528,152;
16184,527,150;
16232,529,151;
16280,528,150;
16334,529,149;
16389,527,149;
16436,529,151;
16477,530,151;
16530,531,149;
16581,528,150;
16630,530,152;
16677,529,152;
16727,528,150;
16788,529,150;
16834,527,152;
16879,529,149;
16930,527,150;
16977,528,151;
17035,528,151;
17077,529,150;
17133,527,151;
17178,528,150;
17235,530,150;
17277,527,151;
17324,530,150;
17373,528,150;
17425,528,151;
17483,527,150;
17529,526,153;
17578,528,150;
17626,528,150;
17684,529,150;
17731,528,151;
17779,529,152;
17827,527,149;
17879,526,151;
17939,528,151;
17983,528,151;
18033,529,151;
18073,527,151;
18133,529,151;
18178,529,149;
18223,528,152;
18273,527,151;
18324,529,151;
18372,529,150;
18426,527,151;
18468,527,150;
18526,528,152;
18574,528,148;
18633,529,149;
18681,528,149;
18725,527,151;
18770,528,151;
18826,528,150;
18874,528,150;
18922,530,150;
18970,529,151;
19020,528,151;
19068,529,150;
19123,527,150;
19185,529,150;
19233,529,150;
19278,529,149;
19319,528,150;
19378,530,149;
19426,528,150;
19473,529,149;
19520,527,151;
19570,527,151;
19628,528,152;
19668,529,151;
19726,528,152;
19771,527,151;
19822,529,150;
19863,527,150;
19928,528,150;
19968,528,150;
20015,528,150;
20073,527,150;
20119,529,151;
20172,529,150;
20215,528,151;
20268,526,153;
20314,529,151;
20375,527,152;
20422,529,150;
20470,530,148;
20513,529,151;
20564,527,150;
20625,527,150;
20667,527,151;
20719,527,153;
20764,528,150;
20822,530,150;
20870,529,151;
20914,527,151;
20962,528,151;
21019,529,151;
21068,528,151;
21116,529,150;
21166,528,151;
21216,528,152;
21259,528,151;
21311,527,151;
21369,529,150;
21417,527,152;
21466,528,151;
21517,528,151;
21562,528,150;
21612,529,150;
21669,528,149;
21707,528,151;
21759,529,151;
21813,529,150;
21862,528,151;
21911,527,150;
21965,528,151;
22018,527,151;
22062,528,151;
22119,527,151;
22163,529,151;
22211,528,152;
22259,527,152;
22317,528,153;
22362,528,150;
22406,529,150;
22462,527,153;
22508,528,151;
22559,530,150;
22617,528,152;
22657,528,153;
22712,530,151;
22760,528,151;
22807,528,150;
22859,530,150;
22916,528,151;
22955,528,152;
23013,529,150;
23060,529,151;
23112,529,150;
23158,530,150;
23206,528,149;
23255,531,148;
23315,529,151;
23364,527,150;
23409,527,152;
23457,526,153;
23510,527,151;
23564,528,150;
23613,529,149;
23661,528,153;
23713,530,151;
23758,530,151;
23803,527,150;
23855,527,152;
23903,530,150;
23971,528,150;
24018,530,149;
24058,529,149;
24107,528,152;
24154,531,149;
24212,528,151;
24252,529,151;
24308,528,151;
24356,528,152;
24408,528,149;
24451,530,151;
24503,528,150;
24549,530,150;
24609,530,148;
24656,528,150;
24703,529,151;
24754,527,153;
24802,529,150;
24851,528,152;
24900,528,150;
24957,527,153;
25004,529,151;
25054,527,149;
25104,528,151;
25151,529,151;
25198,529,151;
25257,526,152;
25297,529,150;
25357,529,149;
25398,528,151;
25450,528,151;
25509,530,149;
25555,529,150;
25603,529,149;
25644,529,151;
25710,528,151;
25752,528,153;
25797,527,151;
25856,527,150;
25902,528,150;
25949,528,151;
26008,530,151;
26054,528,151;
26097,530,149;
26144,528,150;
26195,529,153;
26253,529,150;
26301,529,150;
26352,528,150;
26397,530,149;
26449,528,151;
26493,528,149;
26543,529,151;
26602,530,149;
26649,529,151;
26712,528,151;
26759,528,150;
26805,529,149;
26853,528,152;
26900,529,149;
26940,529,151;
26997,528,149;
27041,526,153;
27100,529,150;
27143,530,150;
27197,529,150;
27240,529,150;
27291,527,150;
27347,529,151;
27394,530,150;
27452,529,151;
27501,528,149;
27551,529,152;
27596,528,152;
27642,526,152;
27704,528,150;
27749,528,150;
27789,529,149;
27839,530,150;
27890,529,150;
27940,529,152;
27992,529,148;
28040,530,147;
28091,527,151;
28139,529,151;
28197,528,151;
28243,528,150;
28295,529,152;
28342,528,150;
28390,529,151;
28439,528,151;
28488,527,152;
28546,530,148;
28592,530,150;
28639,528,151;
28692,529,149;
28739,530,150;
28796,528,152;
28845,528,150;
28893,529,151;
28939,529,149;
27990,529,151;
29039,530,150;
29096,529,151;
29135,525,151;
29193,530,150;
29238,526,151;
29290,528,151;
29350,529,151;
29399,530,147;
29444,526,150;
29493,529,149;
29541,526,153;
29588,527,152;
29638,527,150;
29685,528,151;
29745,528,150;
29790,526,152;
29841,528,150;
29880,529,152;
29938,527,151;
29983,527,150;
30036,528,150;
30083,526,152;
30136,530,151;
30190,528,152;
30230,530,151;
30285,528,151;
30332,528,151;
30382,528,152;
30441,531,150;
30482,530,150;
30534,528,153;
30585,529,151;
30630,528,152;
30684,528,152;
30732,528,153;
30779,529,151;
30835,528,153;
30882,530,151;
30934,529,153;
30980,527,151;
31031,529,151;
31077,529,152;
31136,531,151;
31186,532,154;
31233,536,154;
31279,540,157;
31330,543,159;
31377,547,163;
31428,554,168;
31486,569,181;
31532,571,188;
31583,573,199;
31631,578,211;
31679,582,227;
31727,577,233;
31785,570,251;
31827,566,269;
31887,558,288;
31930,567,303;
31979,568,311;
32036,567,318;
32088,566,324;
32136,564,329;
32178,559,335;
32230,551,339;
32278,543,339;
32328,536,339;
32375,528,343;
32433,515,349;
32472,502,352;
32530,492,357;
32575,484,362;
32626,475,369;
32675,466,374;
32732,458,379;
32780,454,378;
32829,446,378;
32875,436,377;
32928,428,381;
32975,417,386;
33020,409,384;
33082,399,383;
33127,390,383;
33179,380,381;
33228,370,376;
33274,362,374;
33323,354,372;
33371,345,369;
33431,337,365;
33477,333,362;
33522,332,360;
33571,335,358;
33624,334,357;
33674,329,355;
33718,326,352;
33773,324,350;
33825,324,348;
33874,325,349;
33923,325,348;
33971,325,346;
34020,326,345;
34080,327,345;
34127,327,346;
34173,328,345;
34220,329,345;
34279,329,345;
34319,328,345;
34367,326,345;
34425,325,346;
34473,324,350;
34524,324,351;
34574,325,352;
34619,327,352;
34665,328,354;
34723,329,354;
34773,329,354;
34824,330,356;
34867,333,357;
34914,335,361;
34969,338,361;
35013,341,359;
35064,340,360;
35121,340,358;
35167,339,359;
35216,339,359;
35267,338,361;
35313,337,361;
35374,337,361;
35414,339,362;
35471,338,361;
35515,337,360;
35565,337,363;
35624,338,361;
35669,337,361;
35723,339,358;
35767,339,360;
35818,338,363;
35877,337,363;
35926,338,361;
35971,337,361;
36021,337,362;
36069,339,360;
36114,337,362;
36168,338,361;
36213,339,360;
36272,336,360;
36321,338,360;
36371,336,361;
36421,339,361;
36462,338,361;
36513,336,360;
36563,336,362;
36611,338,361;
36669,339,361;
36712,337,364;
36764,337,363;
36810,340,362;
36860,338,360;
36912,339,363;
36959,339,360;
37018,338,360;
37067,338,362;
37110,337,362;
37162,337,362;
37212,337,359;
37260,337,361;
37306,337,362;
37360,337,362;
37413,338,363;
37463,337,361;
37513,337,363;
37555,338,362;
37606,340,361;
37664,338,361;
37713,339,361;
37763,335,362;
37806,337,362;
37865,338,364;
37906,338,364;
37956,339,361;
38013,340,360;
38059,338,362;
38110,338,361;
38156,337,362;
38207,339,359;
38253,340,360;
38310,338,362;
38363,338,361;
38417,339,361;
38458,339,362;
38503,339,359;
38553,339,362;
38607,337,362;
38659,337,359;
38705,338,362;
38758,335,361;
38810,338,361;
38859,338,362;
38900,336,361;
38959,337,363;
39000,338,363;
39062,338,362;
39103,338,361;
39153,336,362;
39201,337,362;
39252,340,360;
39310,339,362;
39355,338,364;
39403,336,361;
39455,337,362;
39502,339,364;
39552,340,361;
39608,338,360;
39657,338,360;
39702,336,362;
39760,338,360;
39799,337,360;
39851,336,363;
39895,338,360;
39958,337,362;
40006,337,361;
40054,337,358;
40102,337,361;
40159,338,365;
40200,337,361;
40257,338,362;
40305,338,361;
40347,339,362;
40404,337,361;
40450,339,362;
40505,337,361;
40557,339,361;
40608,338,362;
40655,339,360;
40702,339,362;
40750,339,360;
40796,336,360;
40845,340,359;
40894,338,361;
40953,339,359;
40993,338,362;
41051,337,364;
41099,339,363;
41147,339,360;
41194,336,363;
41251,337,360;
41306,339,359;
41349,338,361;
41398,338,363;
41457,338,360;
41502,337,360;
41546,339,363;
41605,338,361;
41650,337,359;
41698,337,362;
41758,337,362;
41803,338,361;
41843,338,362;
41901,338,364;
41947,336,362;
42002,339,361;
42047,337,363;
42094,339,361;
42153,337,361;
42191,339,362;
42252,338,362;
42297,337,362;
42345,338,362;
42390,337,363;
42444,337,361;
42499,336,363;
42549,338,360;
42596,338,362;
42649,338,362;
42694,338,364;
42742,339,359;
42788,337,360;
42848,339,363;
42890,337,363;
42936,336,363;
42992,338,360;
43037,339,362;
43093,338,364;
43141,339,363;
43199,336,362;
43243,338,361;
43285,337,359;
43344,336,361;
43390,337,360;
43448,338,363;
43491,337,362;
43547,339,359;
43597,337,362;
43639,339,359;
43690,337,362;
43740,337,361;
43796,337,361;
43842,338,360;
43885,338,359;
43935,337,362;
42990,337,361;
44044,339,361;
44095,336,362;
44141,338,360;
44186,337,361;
44234,338,363;
44290,339,362;
44335,337,362;
44387,337,359;
44436,338,362;
44480,338,362;
44540,337,361;
44585,336,361;
44638,337,362;
44685,338,360;
44736,338,362;
44781,338,362;
44852,338,364;
44892,335,360;
44938,338,359;
43985,340,361;
45035,338,364;
45082,337,361;
45133,339,359;
45189,338,362;
45234,337,362;
45285,338,362;
45331,338,364;
45384,340,362;
45431,337,362;
45489,340,361;
45533,340,360;
45586,339,361;
45635,340,360;
45679,338,361;
45741,338,360;
45790,340,359;
45839,337,361;
45884,338,359;
45935,337,362;
45975,338,363;
46039,336,359;
46077,337,363;
46137,339,364;
46181,337,363;
46236,339,361;
46282,341,360;
46330,337,361;
46388,338,364;
46428,338,363;
46486,339,360;
46535,340,361;
46582,340,362;
46625,339,363;
46689,338,358;
46737,339,364;
46786,338,361;
46833,338,363;
46881,338,360;
46942,338,362;
46995,339,358;
47038,338,362;
47079,338,363;
47128,336,362;
47180,338,359;
47230,340,361;
47281,337,361;
47330,339,363;
47377,338,362;
47438,338,360;
47479,337,362;
47529,337,361;
47579,337,362;
47627,337,362;
47685,337,363;
47733,336,362;
47776,338,364;
47830,340,357;
47879,339,362;
47921,338,361;
47971,337,362;
48030,337,361;
48074,338,361;
48130,339,361;
48175,339,361;
48226,336,361;
48275,338,362;
48320,338,359;
48371,338,362;
48430,338,361;
48478,337,362;
48536,338,361;
48577,336,363;
48623,338,360;
48671,340,360;
48721,338,361;
48781,339,363;
48826,338,363;
48869,339,361;
48913,337,361;
48970,337,363;
49018,339,362;
49072,338,361;
49116,337,362;
49186,339,361;
49238,338,364;
49282,337,362;
49338,338,363;
49377,340,361;
49423,338,360;
49474,338,362;
49522,338,364;
49569,338,363;
49619,338,362;
49667,337,363;
49725,339,361;
49771,339,363;
49819,338,364;
49871,339,361;
49919,338,360;
49966,336,361;
50015,339,363;
50075,337,361;
50124,337,361;
50166,338,361;
50218,338,361;
50277,338,362;
50327,336,363;
50374,339,362;
50420,337,362;
50460,338,361;
50519,339,361;
50566,337,362;
50625,337,362;
50671,338,362;
50719,337,360;
50768,338,362;
50821,340,360;
50866,339,360;
50915,338,364;
50963,337,362;
51027,338,360;
51069,336,364;
51113,337,363;
51167,338,363;
51215,340,358;
51278,336,364;
51333,338,362;
51381,338,363;
51429,339,359;
51475,336,359;
51515,339,363;
51562,337,363;
51605,337,363;
51670,337,363;
51717,336,360;
51762,339,363;
51821,336,362;
51866,339,363;
51908,339,360;
51958,338,363;
52017,337,363;
52064,337,364;
52117,339,360;
52175,338,362;
52219,337,362;
52259,336,362;
52307,340,362;
52369,337,362;
52412,338,359;
52457,335,363;
52510,339,363;
52561,337,363;
52607,337,363;
52665,337,363;
52713,339,363;
52767,337,362;
52812,338,362;
52856,339,361;
52905,338,363;
52955,337,362;
53014,337,363;
53062,336,361;
53110,338,359;
53152,337,362;
53214,338,364;
53266,338,361;
53314,336,361;
53354,336,360;
53408,339,360;
53466,337,363;
53515,337,361;
53555,338,361;
53603,341,362;
53662,338,361;
53709,339,361;
53772,339,363;
53815,341,362;
53853,337,362;
53904,339,360;
53960,337,362;
54009,340,360;
54057,339,358;
54103,338,362;
54158,341,361;
54202,337,363;
54248,336,361;
54308,338,362;
54350,340,361;
54416,342,358;
54465,336,361;
54510,340,358;
54560,338,361;
54603,341,358;
54648,340,358;
54705,340,359;
54765,339,357;
54805,340,360;
54852,341,358;
54910,337,358;
54955,339,357;
55006,339,358;
55055,340,359;
55102,340,360;
55161,340,362;
55203,341,358;
55248,340,358;
55307,341,361;
55352,339,358;
55401,341,358;
55451,341,359;
55504,341,359;
55545,339,359;
55605,336,361;
55649,340,361;
55705,338,362;
55752,341,361;
55799,337,363;
