Mon Dec 19 21:52:46 2011

837,486,43;
879,485,43;
925,486,44;
975,484,45;
1024,486,45;
1070,486,46;
1120,485,46;
1168,486,46;
1215,485,46;
1263,486,46;
1322,485,46;
1368,484,46;
1420,484,46;
1468,485,45;
1515,485,46;
1564,486,46;
1610,485,45;
1671,486,45;
1717,486,45;
1769,485,45;
1825,486,44;
1872,487,45;
1912,487,45;
1962,487,45;
2017,488,45;
2066,487,45;
2117,486,46;
2164,486,46;
2205,486,46;
2282,487,45;
2326,485,45;
2369,487,46;
2415,486,45;
2474,486,45;
2522,486,45;
2561,485,45;
2619,487,46;
2666,485,45;
2714,486,45;
2763,486,45;
2812,485,45;
2871,485,45;
2916,486,45;
2967,486,46;
3014,484,45;
3061,486,46;
3113,484,45;
3160,482,46;
3210,482,46;
3265,481,45;
3315,481,45;
3363,481,45;
3404,481,45;
3460,480,45;
3508,481,45;
3567,481,45;
3616,480,45;
3663,480,45;
3712,481,45;
3761,479,45;
3805,478,46;
3863,479,45;
3903,481,46;
3952,480,45;
4012,480,45;
4059,480,45;
4117,480,45;
4158,480,45;
4202,481,45;
4253,480,45;
4323,480,44;
4380,480,44;
4432,480,45;
4476,480,45;
4517,480,44;
4560,480,44;
4611,480,45;
4661,480,45;
4707,480,44;
4756,480,45;
4802,480,45;
4853,480,45;
4901,478,45;
4958,479,45;
5005,479,46;
5057,477,46;
5114,477,46;
5165,476,46;
5210,475,46;
5260,474,45;
5306,473,45;
5355,473,44;
5404,472,43;
5453,472,41;
5509,472,39;
5557,474,37;
5609,475,37;
5651,475,37;
5703,477,37;
5749,479,38;
5800,481,39;
5847,481,37;
5907,485,37;
5953,488,36;
6014,493,36;
6064,495,37;
6106,497,40;
6159,495,41;
6199,495,40;
6254,494,38;
6303,492,37;
6351,489,36;
6401,486,37;
6448,484,36;
6498,483,35;
6552,482,36;
6604,483,35;
6651,482,35;
6701,483,34;
6748,483,33;
6808,484,33;
6855,483,33;
6894,482,33;
6951,481,34;
6998,480,33;
7049,479,34;
7096,479,33;
7146,479,33;
7193,479,34;
7251,479,33;
7293,480,33;
7350,480,33;
7395,480,33;
7453,480,34;
7503,480,34;
7552,480,34;
7599,480,33;
7644,480,34;
7696,480,34;
7743,480,34;
7803,481,34;
7858,481,34;
7900,482,34;
7947,482,33;
7996,482,34;
8044,482,34;
8103,482,35;
8151,482,35;
8196,482,35;
8248,483,36;
8295,482,36;
8344,480,37;
8391,480,38;
8450,480,37;
8496,480,37;
8540,481,36;
8590,482,36;
8654,482,36;
8712,482,36;
8754,483,36;
8801,485,37;
8848,487,38;
8896,488,39;
8944,488,41;
9002,488,40;
9051,487,38;
9099,484,39;
9145,484,42;
9195,480,41;
9243,480,43;
9292,480,46;
9337,482,48;
9386,480,49;
9437,479,51;
9483,479,51;
9540,475,50;
9587,475,51;
9640,476,52;
9685,478,53;
9746,479,54;
9792,480,54;
9842,480,54;
9892,482,54;
9940,480,54;
9989,481,54;
10034,482,54;
10085,481,53;
10140,482,53;
10192,480,52;
10239,480,52;
10285,481,52;
10336,479,53;
10385,479,52;
10430,480,51;
10491,479,51;
10537,479,51;
10587,478,51;
10637,480,50;
10684,480,51;
10743,480,51;
10783,479,52;
10839,479,50;
9886,481,50;
10946,479,51;
10994,481,50;
11043,481,50;
11091,483,51;
11138,483,51;
11184,483,50;
11234,484,50;
11283,483,51;
11331,483,51;
11379,485,52;
11429,484,53;
11487,484,53;
11534,485,52;
11584,486,53;
11631,488,54;
11690,486,54;
11736,487,55;
11786,488,55;
11826,489,55;
11883,492,54;
11930,490,56;
11977,493,55;
12030,493,56;
12075,494,56;
12136,495,56;
12180,493,55;
12230,494,55;
12280,493,55;
12328,495,55;
12374,492,55;
12426,494,55;
12494,492,54;
12539,492,55;
12590,493,55;
12640,492,53;
12686,493,55;
12735,493,55;
12782,493,55;
12831,492,55;
12880,493,55;
12928,493,55;
12973,493,54;
13025,493,55;
13082,493,55;
13133,494,55;
13180,493,53;
13226,495,54;
13276,494,54;
13322,493,54;
13380,492,53;
13432,493,54;
13479,492,53;
13524,493,55;
13575,492,53;
13625,494,52;
13682,492,52;
13730,493,52;
13771,494,51;
13825,494,52;
13877,495,54;
13923,495,52;
13982,494,52;
14032,494,51;
14078,494,51;
14123,494,52;
14173,491,50;
14224,493,51;
14269,491,51;
14320,491,52;
14377,492,52;
14423,491,51;
14476,491,51;
14534,491,51;
14581,490,51;
14622,489,51;
14668,489,50;
14714,490,50;
14776,488,50;
14824,488,50;
14872,488,51;
14920,489,50;
14978,489,50;
15027,490,50;
15075,491,50;
15121,490,49;
15167,488,49;
15221,491,50;
15279,490,49;
15326,491,49;
15375,489,50;
15423,489,49;
15471,487,50;
15519,489,50;
15568,489,50;
15617,488,50;
15664,487,51;
15723,487,49;
15771,488,49;
15819,486,49;
15868,488,49;
15916,487,50;
15975,486,49;
16021,486,49;
16065,487,49;
16117,487,49;
16166,486,49;
16214,489,50;
16265,487,49;
16322,486,50;
16371,487,49;
16416,485,49;
16465,488,50;
16516,488,49;
16561,488,49;
16622,488,50;
16671,486,50;
16719,488,50;
16765,488,50;
16816,488,49;
16864,487,50;
16921,487,49;
16962,486,49;
17020,486,51;
17067,486,49;
17114,487,50;
17164,488,49;
17208,486,48;
17258,486,49;
17309,487,49;
17367,486,49;
17415,487,49;
17465,487,50;
17512,489,50;
17572,485,50;
17620,486,50;
17666,487,49;
17711,487,50;
17752,486,50;
17813,487,50;
17860,486,50;
17910,486,50;
17957,487,50;
18035,486,50;
18077,486,50;
18131,486,49;
18173,485,51;
18218,486,50;
18267,485,50;
18315,487,50;
18362,484,50;
18410,487,49;
18471,486,49;
18516,486,51;
18565,486,49;
18615,485,50;
18663,482,51;
18712,482,51;
18760,482,52;
18816,482,52;
18866,484,51;
18915,484,52;
18961,484,51;
19009,486,50;
19060,485,51;
19110,484,52;
19154,484,51;
19204,486,52;
19259,484,52;
19311,483,52;
19356,484,52;
19404,485,53;
19455,486,53;
19504,485,53;
19563,485,52;
19611,484,53;
19656,488,54;
19705,486,54;
19756,485,54;
19803,483,54;
19862,487,53;
19908,488,54;
19956,486,55;
20007,489,54;
20054,486,55;
20099,487,55;
20162,486,54;
20220,489,54;
20271,488,55;
20317,488,55;
20363,486,55;
20404,487,54;
20462,487,54;
20512,489,54;
20560,485,55;
20608,487,54;
20652,488,54;
20699,487,54;
20752,484,54;
20800,487,54;
20847,485,55;
20898,485,55;
20954,487,54;
21001,484,54;
21052,484,54;
21099,484,53;
21156,483,54;
21203,484,54;
21255,482,54;
21298,482,54;
21349,482,53;
21400,481,54;
21448,481,54;
21497,481,53;
21545,477,55;
21603,479,53;
21652,477,55;
21700,478,55;
21748,479,53;
21807,478,55;
21853,479,56;
21904,481,55;
21952,479,56;
22000,481,58;
22049,481,57;
22098,481,58;
22156,479,56;
22204,478,54;
22249,479,54;
22295,478,55;
22358,478,55;
22403,478,55;
22446,478,55;
22491,478,55;
22541,479,55;
22591,480,54;
22650,479,54;
22693,479,54;
22744,479,55;
22802,478,54;
22846,479,54;
22900,478,54;
22946,477,54;
22996,478,54;
23043,476,53;
23093,477,54;
23143,479,53;
23188,477,55;
23248,479,54;
23294,478,53;
23341,478,52;
23389,479,54;
23448,479,52;
23487,479,53;
23537,480,54;
23595,480,55;
23643,479,55;
23693,479,55;
23740,478,56;
23788,478,54;
23836,476,52;
23895,475,52;
23943,475,52;
23993,478,53;
24049,479,54;
24099,480,56;
24145,479,55;
24196,478,54;
24244,476,54;
24292,477,54;
24351,476,53;
24400,477,52;
24447,476,53;
24490,479,55;
24539,480,56;
24590,481,57;
24637,479,55;
24686,477,54;
24737,476,54;
24782,475,54;
24843,474,52;
24889,475,53;
24936,479,54;
24988,481,56;
25037,482,57;
25084,484,58;
25133,482,57;
25190,481,57;
25238,480,54;
25290,478,52;
25334,479,52;
25384,477,52;
25433,479,52;
25488,479,55;
25535,479,51;
25588,478,50;
25638,477,51;
25684,478,51;
25731,477,51;
25781,477,52;
25840,478,51;
24888,478,52;
25935,479,53;
25983,479,53;
26042,478,53;
26091,476,54;
26139,477,54;
26186,479,52;
26228,477,54;
26284,478,53;
26332,478,54;
26381,478,53;
26426,478,53;
26488,477,55;
26536,478,52;
26583,478,52;
26629,476,52;
26682,476,53;
26729,477,54;
26787,479,54;
26831,480,56;
26883,481,55;
26930,479,54;
26981,476,53;
27040,474,52;
27088,475,51;
27134,475,52;
27183,477,52;
27233,477,53;
27276,477,52;
27327,477,53;
27388,478,51;
27435,478,50;
27482,477,51;
27531,477,51;
27580,478,50;
27628,478,52;
27688,476,52;
27735,479,52;
27782,477,52;
27832,477,53;
27879,478,51;
27925,477,53;
27975,478,53;
28024,476,52;
28073,478,52;
28131,479,53;
28179,477,52;
28226,478,51;
28272,475,52;
28326,479,51;
28381,479,52;
28421,481,52;
28477,482,53;
28526,481,53;
28577,482,53;
28623,481,54;
28683,480,54;
28729,481,54;
28779,481,55;
28824,483,55;
28900,483,56;
28947,483,55;
28995,483,56;
29040,483,56;
29091,484,58;
29137,484,57;
29178,485,58;
29221,484,57;
29269,486,57;
29322,485,57;
29379,487,56;
29424,484,57;
29471,484,56;
29526,484,56;
29571,482,57;
29619,484,55;
29670,483,55;
29715,482,56;
29785,481,57;
29826,483,56;
29870,481,55;
29921,481,56;
29966,483,55;
30014,482,55;
30074,480,56;
30120,482,54;
30172,482,55;
30220,483,55;
30268,484,53;
30316,484,54;
30365,486,53;
30421,486,53;
30467,485,55;
30527,489,54;
