Thu Jan 12 17:02:01 2012

27300,108,0;
27360,109,0;
30441,552,0;
30502,550,10;
30552,547,20;
30612,544,28;
30672,542,33;
30732,539,42;
30791,527,53;
30841,512,68;
30901,507,72;
30970,512,71;
31020,513,72;
31080,512,72;
31139,512,72;
31199,512,72;
31259,511,73;
31318,511,72;
31377,511,71;
31428,511,69;
31487,511,68;
31547,511,68;
31597,510,67;
31667,511,66;
31721,511,66;
31775,510,67;
31836,511,67;
31896,510,68;
31955,511,67;
32015,511,67;
32074,510,65;
32133,511,66;
32184,510,67;
32243,510,68;
32303,510,67;
32353,510,66;
32424,510,66;
32472,510,68;
32542,509,68;
32591,510,69;
32651,508,69;
32701,510,67;
32767,510,67;
32829,510,65;
32890,511,66;
32940,511,66;
32999,511,67;
33059,511,66;
33109,511,67;
33179,510,67;
33229,511,67;
33288,511,67;
33347,510,67;
33407,510,66;
33457,511,67;
33517,511,66;
32576,511,67;
33645,511,66;
33705,511,66;
33755,511,66;
33825,511,65;
33871,511,66;
33925,510,67;
33984,511,66;
34054,511,67;
34103,511,67;
34163,510,67;
34212,511,66;
34282,510,66;
34332,510,66;
34392,511,66;
34451,511,67;
34512,511,67;
34560,511,66;
34631,511,67;
34681,511,67;
34740,511,67;
34800,510,68;
34869,511,66;
34915,511,67;
34976,510,66;
35036,511,67;
35097,511,66;
35148,510,66;
35207,511,66;
35267,511,66;
35316,510,66;
35384,511,66;
35436,511,67;
35496,511,66;
35555,510,66;
35616,510,67;
35676,511,66;
35725,511,67;
35785,510,68;
35844,511,67;
35917,511,66;
35963,511,65;
36023,511,67;
36072,511,66;
36144,511,66;
36192,511,67;
36258,511,66;
36311,511,67;
36371,511,67;
36421,511,66;
36491,510,67;
36548,510,66;
36599,510,67;
36660,511,67;
36729,511,66;
36779,511,67;
36829,511,67;
36899,511,67;
36958,511,67;
37004,511,67;
37067,511,67;
37127,511,65;
37186,511,67;
37246,511,67;
37305,510,67;
37365,510,67;
37425,511,66;
37475,511,66;
37535,510,67;
37585,511,66;
37654,511,67;
37713,511,67;
37773,511,66;
37822,511,67;
37883,511,67;
37932,510,66;
38002,511,66;
38052,511,67;
38112,511,67;
38171,511,67;
38232,511,66;
38290,510,67;
38341,511,66;
38410,511,67;
38469,510,67;
38520,511,67;
37579,511,67;
38639,511,67;
38697,510,67;
38758,511,67;
38812,511,66;
38868,511,66;
38927,511,67;
38985,510,67;
39037,511,66;
39097,511,66;
39155,511,66;
39226,511,66;
39285,511,66;
39335,510,67;
39393,511,67;
39452,510,67;
39504,511,67;
39570,511,67;
39624,510,66;
39683,512,68;
39743,511,67;
39793,511,67;
39863,511,66;
39912,511,67;
39972,511,68;
40031,511,66;
40092,510,68;
40150,511,66;
40198,511,66;
40272,511,67;
40320,511,66;
40380,510,67;
40439,511,67;
40500,510,66;
40549,511,66;
40619,510,67;
40669,511,67;
40728,511,67;
40787,511,67;
40848,511,66;
40907,510,66;
40956,511,66;
41023,511,66;
41076,511,66;
41136,511,67;
41195,511,66;
41256,511,67;
41315,511,66;
41364,511,67;
41431,511,66;
41484,511,66;
41543,511,66;
41603,511,66;
41653,511,67;
41723,511,66;
41773,511,66;
41832,512,66;
41891,510,66;
41952,511,65;
42011,511,67;
42060,511,66;
42130,511,67;
42189,510,67;
42240,511,67;
42299,511,65;
42359,511,67;
42418,511,66;
42478,511,67;
42537,511,67;
42588,510,67;
42647,511,66;
42707,511,67;
42757,511,67;
42824,511,66;
42876,511,67;
42936,511,66;
43005,511,67;
43056,511,66;
43115,511,67;
43165,511,66;
43234,511,66;
43284,511,66;
43344,511,67;
43403,511,66;
43464,511,68;
43522,511,67;
43581,511,67;
43631,510,66;
43692,511,67;
43751,511,65;
43812,511,66;
43868,511,67;
43931,511,67;
43988,511,67;
44050,510,66;
44108,510,67;
44159,511,67;
44219,511,66;
44269,511,66;
44329,510,66;
44388,511,67;
44456,512,66;
44506,511,67;
44568,511,66;
44626,511,67;
44677,510,67;
44747,510,67;
44796,510,66;
44856,511,66;
44915,510,67;
44976,511,67;
45035,511,66;
45085,511,67;
45144,511,66;
45204,511,66;
45273,511,66;
45323,510,67;
45373,511,67;
45433,511,67;
45501,511,66;
45553,511,66;
45621,511,66;
45671,511,67;
45721,511,66;
45790,511,66;
45851,511,67;
45900,511,67;
45960,511,67;
46019,510,66;
46080,511,66;
46139,511,67;
46188,511,66;
46258,511,66;
46308,510,67;
46367,511,66;
46427,510,66;
46477,511,67;
46547,511,66;
46593,510,67;
46663,510,67;
46716,511,67;
46775,511,66;
46835,511,68;
46885,511,66;
46954,511,67;
47004,510,67;
47064,511,67;
47123,511,66;
47184,511,65;
47243,510,66;
47292,511,66;
47353,511,66;
47412,511,67;
47472,510,67;
47532,511,67;
47591,511,66;
47641,511,66;
47711,511,67;
47760,511,66;
47820,510,68;
47879,510,67;
47940,511,66;
47989,511,66;
48058,510,66;
48109,511,67;
48178,511,66;
48227,511,66;
48287,511,67;
48337,511,66;
48406,511,65;
48465,511,68;
48525,511,67;
47576,511,66;
48635,511,66;
48695,510,66;
48754,511,66;
48814,511,67;
48873,511,66;
48924,511,66;
48983,511,67;
49043,511,66;
49093,510,67;
49163,510,66;
49211,511,67;
49272,511,66;
49331,510,66;
49392,511,66;
49441,511,66;
49511,511,66;
49560,511,67;
49620,511,67;
49680,511,66;
49740,511,66;
49800,511,66;
49859,510,67;
49909,511,66;
49977,511,66;
50028,511,66;
50087,511,66;
50147,511,67;
50197,511,67;
50257,510,67;
50325,511,66;
50376,511,66;
50436,511,67;
50496,511,67;
50554,511,67;
50615,510,67;
50674,511,66;
50724,511,67;
50794,511,66;
50843,511,67;
50903,510,66;
50955,510,67;
51013,510,66;
51072,511,66;
51140,510,67;
51191,511,66;
51251,511,67;
51301,510,66;
51361,511,66;
51430,511,66;
51480,511,67;
51547,511,67;
51599,511,66;
51658,511,66;
51718,511,67;
51778,511,66;
51837,511,67;
51888,511,67;
51947,511,66;
52007,510,66;
52057,511,66;
52117,510,67;
52176,511,67;
52236,511,66;
52304,511,67;
52355,510,66;
52416,510,67;
52464,511,66;
52535,511,66;
52593,511,66;
52644,511,66;
52713,511,66;
52764,511,66;
52813,510,67;
52873,511,65;
52932,511,67;
52992,511,66;
53051,510,66;
53111,511,67;
53161,511,66;
53221,510,67;
53290,511,67;
53349,511,66;
53400,511,66;
53459,511,66;
53519,511,67;
53569,511,66;
53629,511,66;
53688,511,66;
53748,511,66;
53808,511,66;
53877,511,66;
53922,511,67;
53986,511,66;
54045,511,67;
54096,511,66;
54166,511,66;
54215,510,67;
54275,511,66;
54325,510,66;
54395,511,66;
54444,511,67;
54511,511,66;
54562,510,67;
54623,511,66;
54673,510,67;
54743,511,66;
54802,511,66;
54850,511,67;
54921,510,67;
54979,510,67;
55020,511,67;
55087,511,66;
55150,511,66;
55205,511,67;
55261,511,66;
55318,511,66;
55380,510,67;
55438,511,66;
55498,511,67;
55548,510,66;
55608,510,66;
55665,511,66;
55725,511,67;
55777,511,66;
55847,511,67;
55894,510,67;
55956,511,66;
56016,511,67;
56076,511,66;
56135,511,67;
56185,511,66;
56249,511,66;
56305,511,67;
56364,511,66;
56423,511,66;
56484,511,66;
56533,511,67;
56593,511,66;
56652,511,67;
56722,511,67;
56770,511,67;
56832,511,66;
56882,511,66;
56951,510,66;
57000,511,67;
57060,510,66;
57130,511,67;
57177,510,67;
57239,510,66;
57289,511,66;
57349,511,66;
57407,511,66;
57468,511,65;
57527,510,66;
57588,510,67;
57647,511,66;
57697,511,66;
57763,511,66;
57815,511,66;
57883,511,66;
57934,511,67;
57995,511,66;
58044,511,67;
58114,511,67;
58173,511,67;
58224,511,67;
58283,511,67;
58343,511,66;
58403,511,67;
58463,511,67;
58518,511,67;
58572,511,66;
58631,510,67;
58690,511,67;
58750,511,66;
58801,511,66;
58861,511,66;
58930,511,67;
58987,511,67;
59039,511,66;
59099,511,67;
59148,511,66;
59218,511,66;
59268,510,67;
59328,511,66;
59387,511,67;
59448,511,67;
59507,510,66;
59567,511,66;
59626,510,67;
59675,511,67;
59736,510,66;
59795,511,67;
59856,511,66;
59914,510,66;
59974,510,67;
60024,511,67;
60084,511,66;
60143,511,66;
60204,511,66;
60261,510,66;
60323,511,66;
60379,511,67;
60430,511,66;
60491,511,66;
60552,511,67;
60611,510,67;
60671,511,66;
60721,511,66;
60780,511,66;
60839,511,67;
60897,511,67;
60960,510,66;
61019,511,66;
61079,511,67;
61134,511,66;
61187,511,66;
61247,511,66;
61317,510,65;
61363,511,66;
61417,510,66;
61486,511,66;
61536,511,67;
61596,511,67;
61655,511,66;
61714,511,67;
61775,511,66;
61824,511,66;
61884,511,66;
61943,511,67;
62004,511,66;
62064,511,67;
62123,511,67;
62183,511,67;
62238,511,67;
62292,510,66;
62351,510,67;
62411,511,66;
62461,511,66;
62530,511,67;
62581,511,67;
62640,511,67;
62709,510,66;
62759,511,66;
62821,511,66;
62878,510,67;
62927,510,67;
62987,511,67;
63057,511,66;
63107,511,67;
63167,511,67;
63217,511,66;
63277,511,67;
63336,511,66;
63396,511,66;
63466,511,67;
63515,511,66;
63585,511,67;
63631,511,66;
63685,511,66;
63752,511,67;
63811,511,66;
63863,511,66;
63923,511,66;
63973,511,67;
64033,511,67;
64092,511,67;
64162,511,66;
64222,510,67;
64271,511,66;
64321,511,66;
64381,510,66;
64451,510,66;
64507,511,66;
64560,511,66;
64619,511,67;
64680,511,67;
64736,511,66;
64799,511,67;
64848,511,67;
64908,511,67;
64967,511,66;
65028,511,66;
65077,511,67;
65136,511,67;
65196,511,66;
65262,511,66;
65316,511,67;
65375,511,66;
65436,510,66;
65495,511,66;
65545,511,66;
65604,510,66;
65665,511,67;
65724,511,67;
65784,510,67;
65843,510,67;
65899,511,67;
65962,511,66;
66018,510,67;
66070,511,66;
66131,511,67;
66181,511,67;
66251,511,67;
66310,511,67;
66360,511,66;
66427,511,67;
66479,511,67;
66539,511,67;
66589,510,67;
66649,511,66;
66718,511,67;
66768,511,67;
66827,511,66;
66887,511,67;
66936,511,67;
66997,511,67;
67056,511,67;
67123,511,66;
67175,511,66;
67235,511,67;
67295,511,67;
67345,511,66;
67415,510,67;
67464,511,66;
67524,511,67;
67583,511,66;
67645,511,67;
67703,511,67;
67753,511,67;
67819,511,66;
67871,511,66;
67931,511,67;
67991,511,67;
68040,511,67;
68111,511,66;
68161,511,66;
68227,511,66;
68280,510,66;
68338,510,66;
68399,510,67;
68449,511,66;
68519,511,66;
68565,510,66;
68628,511,66;
68687,511,67;
68748,511,67;
68807,511,67;
68857,511,67;
68923,511,67;
68976,512,66;
69036,511,67;
69095,511,66;
69156,511,65;
69214,511,67;
69265,510,66;
69331,511,66;
69383,511,67;
69443,510,67;
69503,511,67;
69553,511,65;
69623,511,67;
69669,511,67;
69732,511,67;
69791,511,67;
69852,511,67;
69901,510,66;
69961,511,66;
70030,511,67;
70090,511,67;
70146,511,67;
70199,511,67;
70260,511,66;
70319,511,66;
70378,511,67;
70438,511,66;
70497,511,67;
70546,511,67;
70607,511,66;
70657,511,66;
70727,511,66;
70774,511,66;
70843,511,66;
70895,511,67;
70955,511,66;
71015,511,67;
71065,511,66;
71135,511,66;
71188,511,66;
71244,511,67;
71303,511,67;
71364,511,66;
71413,511,67;
71482,511,66;
71532,511,66;
71602,510,67;
71643,510,67;
71712,511,67;
71771,511,67;
71831,510,66;
71891,511,66;
71950,511,67;
71997,510,66;
72059,511,67;
72119,511,66;
72168,511,67;
72239,511,67;
72287,510,66;
72348,511,68;
72407,511,67;
72468,511,66;
72527,511,66;
71577,511,66;
72636,510,66;
72696,511,66;
72756,511,66;
72816,511,66;
72875,511,65;
72924,510,67;
72985,510,67;
73044,511,67;
73105,511,66;
73163,511,66;
73223,510,67;
73282,510,67;
73333,511,67;
73392,511,66;
73452,511,67;
73511,511,67;
73570,511,67;
73621,511,67;
73681,511,67;
73743,511,67;
73800,511,67;
73866,511,66;
73918,511,67;
73979,511,67;
74029,511,67;
74089,511,67;
74157,511,67;
74218,510,66;
74267,511,67;
74325,511,66;
74386,511,66;
74436,511,66;
74496,511,66;
74556,511,66;
74616,511,66;
74675,511,66;
74735,511,67;
74785,510,66;
74849,510,66;
74913,511,67;
74969,510,66;
75023,511,66;
75083,511,67;
75142,511,67;
75193,511,66;
75252,511,67;
75311,511,66;
75371,511,67;
75431,511,66;
75489,511,66;
75541,511,67;
75611,510,67;
75669,510,68;
75718,511,67;
75779,511,66;
75840,511,66;
75899,511,67;
75949,511,66;
76018,511,66;
76077,511,66;
76127,510,67;
76184,511,67;
76246,511,67;
76306,511,66;
76357,510,67;
76416,511,66;
76476,510,67;
76535,511,66;
76595,511,66;
76655,511,67;
76705,511,67;
76764,510,66;
76827,511,66;
76886,510,67;
76941,510,67;
77001,511,66;
77053,511,66;
77122,511,66;
77181,511,66;
77241,511,66;
77290,511,66;
77340,511,66;
77400,510,66;
77467,511,66;
77520,510,67;
76580,511,66;
77639,510,67;
77699,511,67;
77749,510,67;
77820,510,67;
77867,511,66;
77928,511,66;
77987,511,66;
78047,511,66;
78097,511,67;
78167,511,67;
78216,511,67;
78276,511,66;
78336,511,67;
78405,511,66;
78454,511,66;
78505,511,67;
78565,511,66;
78632,511,67;
78684,511,67;
78743,511,66;
78803,511,67;
78863,511,67;
78922,511,66;
78982,510,67;
79032,511,67;
79091,511,66;
79151,511,66;
79201,511,66;
79271,511,67;
79321,511,67;
79380,511,67;
79449,511,67;
79509,511,67;
79558,510,67;
79619,511,66;
79668,511,67;
79735,511,66;
79787,511,66;
79844,511,67;
79907,511,67;
79955,511,67;
80017,511,66;
80076,511,66;
80146,511,67;
80197,510,67;
80255,511,66;
80315,510,67;
80374,510,67;
80443,510,67;
80485,511,67;
80544,511,66;
80613,510,66;
80664,511,68;
80713,511,67;
80782,510,67;
80832,511,67;
80892,511,67;
80951,511,67;
81010,511,67;
81060,511,66;
81121,510,66;
81190,511,67;
81250,511,66;
81309,511,67;
81358,511,67;
81419,511,67;
81476,511,67;
81540,511,67;
81597,511,67;
81654,510,66;
81707,510,67;
81763,511,67;
81817,511,67;
81887,511,66;
81936,511,67;
81996,511,67;
82056,511,66;
82125,511,66;
82176,511,67;
82225,511,66;
82295,510,67;
82344,511,67;
82404,511,67;
82463,511,66;
82523,510,67;
82572,511,66;
82633,510,67;
82692,511,67;
82760,511,67;
82811,511,66;
82872,511,66;
82921,511,66;
82981,511,67;
83050,511,66;
83110,510,66;
83159,511,67;
83219,511,67;
83273,510,67;
83329,511,67;
83399,510,67;
83448,510,67;
83508,511,66;
83567,511,67;
83627,511,67;
83675,511,67;
83736,511,67;
83796,511,67;
83857,511,66;
83926,510,66;
83975,511,67;
84036,511,67;
84095,511,66;
84155,511,67;
84210,511,66;
84263,511,67;
84323,511,66;
84382,511,67;
84432,511,66;
84503,511,66;
84551,511,67;
84619,510,67;
84669,511,68;
84732,510,67;
84781,511,67;
84841,511,66;
84910,511,66;
84960,511,66;
85020,511,67;
85079,511,65;
85139,511,67;
85188,511,66;
85249,511,66;
85308,511,66;
85369,511,67;
85437,511,66;
85496,511,66;
85536,511,67;
85607,510,67;
85656,511,66;
85716,511,67;
85786,511,66;
85834,511,67;
85895,510,67;
85944,511,66;
86015,511,66;
86064,511,66;
86124,511,67;
86183,511,66;
86242,511,66;
86293,510,67;
86362,510,67;
86412,511,67;
86472,510,67;
86531,511,66;
86591,511,67;
86640,511,67;
86710,510,67;
86760,511,66;
86830,511,67;
86880,511,67;
86939,511,66;
86999,511,67;
87049,511,67;
87119,511,66;
87166,511,66;
87228,511,66;
87287,511,66;
87348,511,67;
87407,511,67;
87467,510,67;
87517,510,66;
86576,510,67;
87645,511,67;
87705,511,67;
87754,511,67;
87804,511,66;
87864,511,67;
87934,511,66;
87985,511,68;
88043,511,66;
88103,511,66;
88162,511,66;
88220,511,67;
88272,511,66;
88332,511,66;
88390,511,66;
88451,511,66;
88501,510,66;
88560,511,66;
88630,511,67;
88689,511,67;
88740,511,66;
88808,511,67;
88869,511,67;
88918,511,66;
88968,511,67;
89028,511,67;
89098,511,67;
89145,511,67;
89207,511,66;
89257,511,67;
89326,510,66;
89376,511,67;
89436,511,67;
89496,510,67;
89565,511,66;
89615,510,67;
89665,510,66;
89725,511,66;
89794,511,67;
89845,510,67;
89903,511,67;
89963,511,66;
90013,511,66;
90083,511,67;
90139,511,67;
90192,510,66;
90251,511,66;
90312,511,67;
90371,510,67;
90431,511,66;
90481,511,66;
90547,510,67;
90600,511,67;
90659,511,66;
90720,511,67;
90768,511,66;
90839,511,67;
90888,511,66;
90948,511,67;
91007,511,66;
91068,511,67;
91116,511,67;
91177,511,68;
91246,511,66;
91296,511,66;
91356,511,66;
91415,510,67;
91476,511,67;
91534,510,66;
91594,511,66;
91644,511,67;
91704,511,66;
91763,511,67;
91824,511,68;
91872,511,66;
91943,511,67;
91991,511,66;
92052,511,67;
92111,511,66;
92171,511,66;
92231,512,65;
92281,511,66;
92348,511,67;
92400,511,67;
92459,510,66;
92520,511,67;
91579,511,66;
92638,511,66;
92689,511,66;
92749,511,66;
92808,511,66;
92877,511,66;
92936,511,67;
92976,511,66;
93044,511,67;
93105,510,66;
93165,511,67;
93216,511,67;
93275,511,66;
93335,511,67;
93393,511,67;
93444,510,67;
93504,511,66;
93564,511,66;
93624,511,67;
93693,510,67;
93742,510,67;
93792,511,67;
93852,511,66;
93922,511,67;
93972,511,66;
94031,511,66;
94081,511,67;
94150,511,67;
94200,510,67;
94270,511,67;
94329,510,67;
94379,511,67;
94439,511,67;
94489,510,67;
94559,511,66;
94617,511,66;
94667,511,67;
94727,511,66;
94797,511,67;
94837,511,66;
94906,511,67;
94966,511,67;
95016,511,66;
95076,511,66;
95135,511,67;
95205,511,67;
95250,511,67;
95315,511,67;
95370,511,67;
95425,511,67;
95483,511,66;
95543,510,66;
95593,511,66;
95662,510,66;
95712,510,66;
95782,511,67;
95831,511,66;
95892,511,66;
95950,511,67;
96011,511,67;
96071,511,66;
96126,511,67;
96180,510,67;
96239,511,67;
96309,511,66;
96355,511,66;
96408,511,67;
96468,511,66;
96528,511,65;
96588,511,66;
96657,511,67;
96706,511,66;
96757,511,66;
96816,511,67;
96886,511,66;
96946,510,67;
96994,511,67;
97055,510,67;
97104,510,67;
97174,511,66;
97223,511,67;
97284,511,66;
97344,511,66;
97413,511,66;
97453,511,66;
97513,511,67;
97573,510,68;
97642,511,66;
97689,511,67;
97751,511,66;
97801,510,66;
97870,511,66;
97931,511,67;
97989,510,67;
98049,511,67;
98099,511,67;
98169,511,67;
98209,510,65;
98269,510,66;
98328,510,67;
98398,510,67;
98457,511,66;
98507,510,66;
98566,511,67;
98626,511,67;
98676,511,66;
98734,511,67;
98796,511,66;
98856,511,67;
98925,511,66;
98965,511,67;
99025,510,67;
99084,511,66;
99155,511,66;
99204,510,66;
99263,511,67;
99313,511,67;
99382,510,66;
99441,511,67;
99502,511,68;
99551,511,66;
99610,511,67;
99670,511,66;
99730,511,66;
99790,511,66;
99849,511,67;
99909,510,66;
99959,511,67;
100020,511,67;
100078,510,66;
100137,511,67;
100197,511,66;
100247,511,67;
100307,511,67;
100367,511,66;
100415,511,66;
100476,511,66;
100544,511,66;
100597,511,67;
100656,511,67;
100715,511,67;
100776,511,67;
100835,511,67;
100885,511,67;
100954,511,67;
101003,511,68;
101063,511,66;
101123,511,67;
101173,511,67;
101243,511,66;
101291,511,67;
101352,511,67;
101411,511,67;
101472,511,67;
101531,511,66;
100580,511,67;
101651,511,67;
101700,511,67;
101760,511,67;
101819,511,67;
101879,511,67;
101928,511,67;
101999,511,66;
102046,511,67;
102107,511,67;
102167,511,66;
102228,511,66;
102276,511,66;
102347,511,67;
102396,511,67;
102457,511,66;
102516,511,66;
102585,511,66;
102636,511,66;
102695,511,66;
102743,511,66;
102805,511,67;
102863,511,66;
102924,510,67;
102984,511,67;
103042,511,66;
103092,511,67;
103153,511,67;
103212,511,66;
103281,510,67;
103332,511,66;
103380,511,66;
103450,510,66;
103500,511,66;
103570,511,66;
103620,511,67;
103679,510,67;
103739,511,66;
103789,510,67;
103858,511,66;
103908,511,67;
103968,511,65;
104027,511,67;
104087,510,66;
104136,511,67;
104207,511,67;
104256,510,66;
104315,511,66;
104376,511,66;
104435,511,66;
104495,511,66;
104545,511,66;
104614,511,66;
104673,510,66;
104723,510,67;
104783,511,67;
104843,511,67;
104902,510,67;
104962,511,67;
105012,511,66;
105072,511,66;
105131,510,66;
105192,511,67;
105250,511,67;
105300,511,67;
105371,511,67;
105419,511,67;
105480,511,66;
105539,511,66;
105609,511,66;
105651,510,67;
105708,511,67;
105768,511,66;
105838,511,66;
105886,511,66;
105948,511,67;
106006,511,66;
106066,511,66;
106115,511,67;
106176,511,67;
106236,510,66;
106305,511,66;
106356,511,67;
106405,511,66;
106474,510,66;
106534,511,67;
106593,511,66;
106642,510,67;
106703,510,67;
106753,511,66;
106823,511,66;
106872,511,66;
106932,511,66;
106991,511,67;
107052,511,66;
107111,511,66;
107170,510,67;
107230,511,66;
107279,511,66;
107340,511,67;
107399,510,67;
107469,510,67;
107515,511,67;
106579,511,67;
107628,511,67;
107688,511,67;
107747,510,66;
107808,511,67;
107856,511,67;
107926,510,67;
107985,511,67;
108045,511,67;
108096,511,67;
108156,511,66;
108215,511,66;
108275,511,67;
108335,511,66;
108384,511,67;
108453,510,67;
108502,511,66;
108563,511,66;
108622,511,66;
108682,511,66;
108741,511,66;
108792,511,66;
108850,511,66;
108911,511,66;
108965,510,67;
109031,511,67;
109080,511,66;
109140,511,66;
109200,511,67;
109259,511,66;
109329,511,67;
109376,511,67;
109438,511,66;
109488,511,67;
109548,511,66;
109607,511,67;
109677,511,67;
109718,511,66;
109786,511,67;
109835,511,66;
109895,511,66;
109956,511,66;
110015,511,66;
110085,511,66;
110125,511,67;
110194,511,67;
110250,510,67;
110303,511,67;
110363,511,67;
110423,511,67;
110483,511,67;
110539,511,67;
110593,511,67;
110652,511,66;
110711,511,67;
110772,511,66;
110830,511,67;
110881,511,66;
110950,511,67;
111000,511,67;
111060,511,67;
111120,511,66;
111179,510,66;
111239,511,66;
111299,511,66;
111354,511,66;
111407,511,66;
111467,511,67;
111528,511,66;
111584,511,67;
111647,511,66;
111706,511,66;
111755,511,66;
111816,511,67;
111875,511,67;
111936,510,66;
111995,511,67;
112055,511,67;
112114,511,67;
112163,511,66;
112223,511,66;
112283,511,66;
112342,510,66;
112403,511,66;
112451,511,67;
112512,511,66;
112572,511,66;
112631,510,67;
112691,511,67;
112749,511,66;
112811,510,67;
112870,511,66;
112920,511,67;
112979,510,67;
113039,511,67;
113088,511,67;
113158,511,67;
113207,511,67;
113268,511,67;
113327,511,66;
113387,511,66;
113447,511,67;
113506,511,65;
113562,511,66;
113615,511,67;
113677,511,66;
113734,511,67;
113795,510,67;
113855,511,67;
113914,511,66;
113974,510,67;
114023,511,67;
114083,510,67;
114143,511,67;
114190,511,66;
114253,511,67;
114312,511,67;
114376,511,67;
114429,511,65;
114491,511,67;
114541,511,66;
114610,511,67;
114661,510,66;
114720,511,67;
114780,511,66;
114839,511,67;
114900,511,66;
114958,511,67;
115009,510,66;
115068,511,66;
115137,511,67;
115197,511,66;
115246,511,66;
115297,510,66;
115366,511,67;
115425,510,66;
115486,511,66;
115545,511,66;
115594,511,67;
115654,511,67;
115714,511,67;
115765,511,66;
115824,511,67;
115884,511,67;
115943,511,67;
116002,510,67;
116052,511,66;
116123,510,67;
116172,511,66;
116242,511,67;
116291,510,66;
116350,511,67;
116407,510,66;
116470,511,66;
116530,511,67;
115579,510,67;
116640,511,66;
116699,510,67;
116760,511,67;
116809,511,66;
116868,510,67;
116927,511,66;
116998,511,66;
117046,510,67;
117107,511,66;
117156,511,67;
117227,511,67;
117277,511,67;
117336,511,67;
117405,510,66;
117454,511,66;
117513,511,67;
117573,510,67;
117633,511,66;
117684,511,66;
117744,511,67;
117803,511,66;
117864,511,67;
117913,511,67;
117983,510,67;
118041,510,67;
118092,511,67;
118151,511,67;
118203,511,67;
118271,511,67;
118320,511,67;
118391,511,67;
118440,511,67;
118510,511,67;
118569,511,66;
118618,511,67;
118679,511,66;
118728,511,66;
118788,511,67;
118857,511,66;
118919,511,66;
118967,511,66;
119029,511,67;
119083,511,67;
119135,511,66;
119196,511,67;
119256,511,67;
119314,510,67;
119375,511,67;
119424,511,66;
119495,511,66;
119553,511,67;
119610,511,66;
119662,511,67;
119723,511,67;
119772,511,68;
119843,510,67;
119901,511,66;
119961,511,67;
120010,510,67;
120071,510,67;
120123,511,67;
120190,511,66;
120240,511,67;
120301,510,67;
120360,511,67;
120429,510,66;
120489,510,67;
120529,510,67;
120596,511,66;
120657,511,66;
120709,511,66;
120768,511,67;
120826,510,67;
120877,511,66;
120947,511,67;
121005,511,67;
121056,511,66;
121116,511,67;
121175,511,66;
121235,511,67;
121284,510,67;
121345,511,66;
121402,511,67;
121463,511,67;
121524,511,67;
121584,511,66;
121633,510,67;
121702,511,66;
121752,511,67;
121812,511,67;
121870,511,66;
121927,510,67;
121981,511,67;
122041,510,67;
122101,510,67;
122158,510,67;
122216,511,67;
122280,510,67;
122330,510,67;
122398,511,67;
122448,511,66;
122508,511,66;
122569,511,66;
122638,511,67;
122695,511,67;
122736,511,67;
122806,510,66;
122856,511,66;
122916,511,67;
122975,511,67;
123035,511,67;
123089,511,67;
123156,511,67;
123205,511,67;
123267,511,66;
123334,511,66;
123383,511,66;
123443,511,66;
123493,511,67;
123562,510,67;
123612,511,66;
123672,511,66;
123731,511,67;
123791,511,67;
123840,511,67;
123910,511,67;
123960,511,66;
124019,510,67;
124080,511,66;
124139,511,66;
124199,510,67;
124259,511,66;
124319,511,66;
124364,511,66;
124434,511,66;
124486,511,66;
124547,510,68;
124607,511,66;
124656,511,67;
124716,511,67;
124782,511,67;
124836,511,68;
124896,511,66;
124954,511,67;
125014,510,67;
125074,511,66;
125123,511,67;
125183,511,66;
125243,511,67;
125302,511,66;
125353,511,66;
125413,511,67;
125481,511,67;
125542,511,67;
125592,511,67;
125651,511,66;
125711,510,67;
125771,511,67;
125831,511,66;
125882,511,66;
125950,511,66;
125998,511,66;
126059,510,67;
126109,510,67;
126178,511,66;
126237,510,67;
126289,511,66;
126348,511,67;
126407,511,66;
126458,510,67;
126517,511,66;
126586,511,66;
126647,510,67;
126695,511,67;
126755,511,67;
126807,511,67;
126867,511,67;
126938,511,66;
126985,511,67;
127047,511,66;
127103,511,66;
127162,511,66;
127213,511,66;
127273,510,67;
127332,511,66;
127400,511,67;
127452,511,67;
127511,511,67;
127561,511,66;
127621,511,66;
127692,511,66;
127749,511,67;
127799,511,66;
127859,511,66;
127919,511,67;
127978,511,67;
128029,511,67;
128088,510,66;
128148,510,66;
128207,511,67;
128277,510,66;
128324,511,67;
128377,511,66;
128437,510,67;
128495,511,66;
128556,511,67;
128615,511,67;
128676,510,66;
128735,511,67;
128795,511,66;
128854,511,66;
128905,511,66;
128964,511,66;
129024,511,66;
129083,510,66;
129143,511,67;
129193,510,67;
129262,510,66;
129313,510,66;
129372,511,67;
129431,511,66;
129489,510,67;
129551,510,67;
129601,511,66;
129670,511,66;
129730,510,66;
129780,511,67;
129839,511,67;
129899,510,67;
129949,511,65;
130018,511,66;
130077,511,66;
130128,511,66;
130188,511,67;
130247,511,66;
130297,511,66;
130356,511,66;
130416,511,66;
130475,511,67;
130535,511,66;
130594,511,67;
130644,511,67;
130704,510,67;
130764,510,67;
130823,511,67;
130883,511,68;
130942,511,67;
131002,510,67;
131062,511,67;
131122,511,67;
131172,511,67;
131232,510,67;
131291,511,66;
131351,511,67;
131411,511,66;
131461,510,67;
131521,510,68;
131589,510,67;
131640,511,66;
131699,511,67;
131759,511,66;
131818,511,67;
131877,511,67;
131926,511,67;
131987,511,66;
132037,511,68;
132106,511,66;
132157,511,66;
132216,511,66;
132276,510,66;
132335,511,66;
132395,511,67;
132445,511,67;
132514,510,66;
132564,511,66;
132623,511,66;
132683,510,67;
132743,511,67;
132793,511,67;
132863,511,67;
132922,511,66;
132982,511,67;
133042,511,67;
133092,511,66;
133152,510,67;
133212,510,66;
133271,511,67;
133331,511,66;
133390,511,68;
133440,511,67;
133500,511,66;
133560,510,67;
133620,511,67;
133679,510,67;
133729,511,66;
133789,510,66;
133848,511,66;
133907,511,67;
133967,511,66;
134026,511,67;
134077,510,67;
134136,511,67;
134195,511,67;
134255,511,66;
134305,511,67;
134365,511,66;
134424,511,66;
134484,510,66;
134542,511,66;
134603,511,67;
134662,511,67;
134713,510,66;
134772,511,67;
134832,511,67;
134891,511,67;
134951,511,66;
135001,511,67;
135072,511,66;
135131,511,66;
135191,511,67;
135242,511,67;
135301,511,66;
135360,511,67;
135419,510,67;
135479,511,67;
135529,511,66;
135590,511,67;
135657,511,67;
135708,511,67;
135767,511,66;
135827,511,66;
135877,511,67;
135946,511,67;
136006,511,67;
136055,511,68;
136115,510,67;
136165,510,66;
136224,511,67;
136284,511,66;
136351,511,66;
136407,511,67;
136465,510,67;
136524,511,66;
136584,510,67;
136642,511,66;
136692,511,67;
136752,510,67;
136822,510,66;
136868,511,67;
136932,511,66;
136990,511,66;
137040,511,66;
137100,510,67;
137161,511,66;
137220,511,66;
137278,511,66;
137329,511,66;
137388,511,66;
137457,510,66;
137508,511,67;
137569,511,68;
137628,511,67;
137677,510,67;
137736,511,66;
137796,511,66;
137856,511,66;
137915,510,67;
137973,510,67;
138036,511,67;
138095,511,67;
138144,511,66;
138204,511,67;
138263,511,66;
138323,510,67;
138382,511,67;
138434,511,66;
138492,510,67;
138552,511,66;
138611,511,67;
138671,511,67;
138720,511,66;
138781,511,67;
138841,511,67;
138900,511,66;
138960,511,66;
139019,510,67;
139079,511,67;
139138,511,67;
139189,511,67;
139248,511,66;
139307,511,66;
139367,510,66;
139427,511,67;
139477,511,65;
139537,510,66;
139605,510,66;
139656,511,66;
139716,510,66;
139775,511,66;
139835,510,67;
139894,511,67;
139945,510,67;
140004,511,67;
140064,511,66;
140123,511,67;
140183,511,67;
140233,511,66;
140302,511,66;
140352,510,67;
140412,511,67;
140471,511,67;
140528,511,66;
140581,511,66;
140641,510,67;
140701,511,66;
140759,511,67;
140820,511,67;
140878,511,67;
140939,511,67;
140989,511,66;
141049,511,66;
141107,511,66;
141168,511,67;
141226,511,67;
141287,510,66;
141337,511,66;
141397,511,66;
141456,511,66;
141516,511,66;
140575,511,67;
141635,511,67;
141695,511,67;
141745,511,66;
141805,511,66;
141863,511,66;
141924,511,66;
141982,511,67;
142044,511,66;
142103,510,66;
142161,511,67;
142218,511,66;
142283,511,66;
142333,511,67;
142391,511,67;
142439,511,67;
142510,510,66;
142561,510,67;
142620,511,66;
142679,511,66;
142739,511,67;
142800,510,66;
142859,511,66;
142919,511,66;
142968,511,66;
143028,511,67;
143087,511,67;
143147,511,66;
143197,511,66;
143257,511,67;
143314,511,66;
143376,511,67;
143435,511,67;
143493,510,66;
143557,511,66;
143615,511,66;
143675,511,67;
143726,511,66;
143795,511,66;
143842,511,67;
143903,511,67;
143953,511,67;
144021,510,66;
144072,511,67;
144139,511,68;
144191,511,67;
144251,510,67;
144299,511,67;
144368,511,67;
144430,511,66;
144489,511,67;
144549,511,67;
144602,511,66;
144659,511,66;
144719,511,67;
144769,511,66;
144828,510,66;
144888,510,67;
144947,511,67;
145007,511,66;
145057,511,67;
145117,510,67;
145176,511,66;
145236,511,66;
145296,511,67;
145355,511,67;
145415,511,66;
145465,511,67;
145525,511,66;
145585,510,67;
145655,511,66;
145703,511,67;
145765,511,66;
145824,511,67;
145883,511,66;
145933,511,67;
146003,511,67;
146053,511,67;
146112,511,67;
146172,511,66;
146232,510,67;
146292,511,66;
146341,511,67;
146408,510,67;
146460,511,66;
146521,511,68;
145579,511,67;
146639,511,66;
146689,511,66;
146758,511,67;
146809,511,66;
146867,511,66;
146926,511,67;
146977,511,67;
147036,511,66;
147096,510,66;
147166,511,66;
147216,511,67;
147285,511,66;
147334,510,67;
147395,511,66;
147444,510,67;
147505,511,66;
147564,511,66;
147625,511,66;
147683,511,66;
147743,511,66;
147799,511,67;
147852,510,66;
147910,511,65;
147972,510,66;
148031,511,67;
148091,511,66;
148151,511,67;
148200,511,66;
148261,511,66;
148319,511,66;
148379,511,66;
148429,510,66;
148496,511,67;
148548,511,67;
148609,511,67;
148677,511,66;
148727,511,67;
148776,511,66;
148846,511,66;
148896,510,66;
148956,511,67;
149018,511,67;
149075,511,66;
149146,510,66;
149192,511,67;
149245,510,67;
149304,511,67;
149371,511,66;
149423,511,67;
149483,510,67;
149532,510,67;
149600,510,66;
149652,511,66;
149722,510,66;
149770,510,67;
149831,512,67;
149881,511,67;
149949,510,66;
150001,511,67;
150061,511,66;
150121,511,66;
150190,511,66;
150239,511,66;
150290,511,67;
150359,511,66;
150408,511,66;
150469,511,65;
150529,511,66;
150598,510,67;
150644,511,66;
150706,511,66;
150756,512,67;
150818,511,67;
150877,510,68;
150935,511,67;
150995,511,66;
151044,510,67;
151113,510,67;
151164,511,67;
151225,511,66;
151283,511,66;
151343,511,67;
151393,511,67;
151461,511,67;
151512,510,67;
151573,511,66;
151631,511,67;
151691,510,66;
151740,511,67;
151809,511,67;
151870,511,67;
151920,511,66;
151981,510,67;
152049,511,67;
152098,511,66;
152149,511,67;
152219,511,67;
152267,510,66;
152328,511,67;
152387,511,65;
152448,511,66;
152506,511,66;
152558,511,67;
152617,511,66;
152677,510,68;
152746,511,66;
152797,511,67;
152857,511,66;
152905,510,67;
152975,511,66;
153033,511,66;
153085,511,66;
153144,511,66;
153205,511,66;
153263,510,67;
153323,511,67;
153372,511,67;
153442,510,66;
153493,511,66;
153553,511,66;
153600,511,66;
153669,511,65;
153731,511,67;
153781,511,67;
153850,511,66;
153909,511,66;
153960,510,67;
154019,511,66;
154077,511,66;
154128,511,67;
154189,511,66;
154248,510,66;
154317,511,66;
154364,510,66;
154425,511,66;
154476,510,66;
154546,511,67;
154606,511,67;
154657,511,66;
154725,510,67;
154772,510,65;
154835,510,67;
154884,511,66;
154954,511,67;
155002,511,66;
155063,511,66;
155122,511,67;
155180,511,66;
155242,511,67;
155292,510,67;
155352,511,66;
155412,511,67;
155470,510,66;
155530,511,66;
155590,510,66;
155650,511,66;
155710,511,68;
155761,511,66;
155820,510,66;
155869,511,66;
155939,511,67;
155998,511,67;
156058,510,67;
156106,511,66;
156168,511,66;
156227,510,67;
156278,511,65;
156347,510,67;
156406,510,67;
156457,511,66;
156516,510,66;
155577,510,66;
156635,511,66;
156695,510,67;
156745,511,67;
156805,511,67;
156865,511,66;
156934,511,66;
156980,510,67;
157042,511,67;
157092,511,66;
157153,511,66;
157222,511,67;
157271,510,67;
157329,511,67;
157382,511,66;
157449,511,66;
157500,511,67;
157561,511,66;
157621,510,66;
157689,511,66;
157736,511,67;
157790,511,66;
157849,511,67;
157909,511,66;
157970,511,65;
158041,511,67;
158087,511,66;
158138,511,66;
158207,510,67;
158257,511,67;
158326,511,67;
158376,511,67;
158436,511,66;
158485,511,66;
158555,511,67;
158614,510,66;
158674,511,67;
158724,511,66;
158784,511,67;
158841,511,67;
158902,511,67;
158954,511,66;
159022,511,67;
159073,511,66;
159132,511,67;
159191,511,67;
159241,511,67;
159311,511,66;
159361,510,66;
159421,511,65;
159480,511,66;
159540,510,67;
159596,511,66;
159659,511,67;
159717,511,66;
159778,511,67;
159825,510,66;
159888,511,67;
159947,510,67;
160007,511,67;
160056,511,67;
160118,510,66;
160186,511,66;
160237,511,67;
160297,510,67;
160345,510,66;
160413,510,66;
160464,511,66;
160525,511,67;
160584,511,66;
160653,511,66;
160700,511,66;
160754,510,67;
160813,510,67;
160873,511,66;
160941,511,66;
160991,511,67;
161041,511,67;
161111,511,67;
161170,511,67;
161219,511,67;
161280,511,67;
161349,511,67;
161399,511,67;
161450,511,67;
161519,510,66;
161568,510,67;
161629,511,66;
161697,510,67;
161745,511,67;
161797,511,66;
161867,511,66;
161915,511,66;
161976,511,67;
162038,510,67;
162097,511,66;
162157,511,67;
162205,511,67;
162273,511,67;
162324,511,66;
162385,511,66;
162444,511,67;
162513,511,67;
162560,511,67;
162614,511,66;
162673,511,67;
162734,511,67;
162802,511,67;
162849,511,67;
162902,511,67;
162969,511,67;
163030,510,67;
163080,510,68;
163141,510,66;
163209,511,68;
163259,511,66;
163309,511,67;
163377,510,67;
163429,510,66;
163489,511,66;
163549,511,66;
163617,511,67;
163664,511,66;
163726,511,65;
163776,510,67;
163837,511,66;
163898,511,66;
163956,511,67;
164017,511,67;
164065,510,66;
164133,511,66;
164184,511,65;
164245,511,66;
164304,510,67;
164365,511,66;
164413,511,66;
164481,511,66;
164533,511,67;
164593,511,67;
164661,511,66;
164711,511,66;
164770,511,66;
164830,510,66;
164891,511,66;
164941,510,67;
165001,511,67;
165060,511,67;
165120,510,66;
165177,511,67;
165229,511,66;
165298,510,67;
165350,511,67;
165408,511,66;
165469,511,66;
165525,511,66;
164578,510,67;
165637,511,66;
165697,511,67;
165757,511,66;
165825,511,66;
165876,511,67;
165935,511,66;
165993,511,67;
166044,511,66;
166105,511,67;
166165,511,66;
166225,511,66;
166273,510,67;
166341,511,66;
166392,511,66;
166453,511,67;
166513,510,66;
166581,511,67;
166627,511,66;
166688,511,66;
166751,510,67;
166800,510,67;
166861,510,67;
166929,511,67;
166978,511,66;
167030,510,67;
167099,511,66;
167148,511,67;
167209,510,68;
167269,511,66;
167338,511,67;
167384,510,66;
167446,511,66;
167496,511,67;
167557,511,66;
167618,510,67;
167677,511,67;
167745,511,67;
167792,511,67;
167854,511,67;
167904,511,67;
167965,510,67;
168033,511,66;
168082,510,67;
168134,510,67;
168201,511,66;
168252,511,67;
168314,510,67;
168373,511,66;
168441,511,67;
168487,510,67;
168547,510,66;
168607,511,67;
168660,511,67;
168721,511,67;
168781,511,67;
168849,511,66;
168896,511,66;
168958,510,66;
169018,510,67;
169070,511,66;
169129,511,66;
169197,511,67;
169244,511,67;
169306,511,66;
169356,511,66;
169417,511,67;
169477,511,67;
169537,511,66;
169597,511,67;
169645,511,66;
169713,511,66;
169764,510,67;
169825,511,66;
169893,511,67;
169953,511,66;
170000,511,67;
170063,511,68;
170113,510,66;
170173,511,67;
170232,510,67;
170292,510,66;
170351,511,66;
170411,510,66;
170461,510,67;
170521,511,66;
170590,511,67;
170640,511,67;
170700,511,66;
170758,511,66;
170817,511,66;
170868,511,66;
170930,511,67;
170997,511,66;
171048,511,67;
171107,511,67;
171167,511,67;
171226,511,67;
171277,511,66;
171337,511,66;
171405,511,66;
171457,511,66;
171514,511,67;
170574,510,66;
171634,511,67;
171685,511,67;
171744,511,66;
171804,511,66;
171861,511,66;
171923,510,67;
171973,511,67;
172033,511,67;
172102,511,67;
172152,511,67;
172211,511,67;
172271,511,66;
172331,511,67;
172381,511,67;
172441,511,67;
172501,510,67;
172560,510,68;
172619,511,68;
172679,511,68;
172729,511,68;
172789,511,69;
172848,511,68;
172917,511,69;
172964,513,68;
173025,514,69;
173076,515,72;
173146,515,74;
173198,515,75;
173265,515,76;
173313,515,76;
173366,516,77;
173435,515,78;
173484,515,79;
173546,517,76;
173604,516,76;
173664,516,75;
173712,518,73;
173780,517,70;
176396,534,7;
176448,533,8;
176518,532,9;
176566,533,8;
176627,532,8;
176677,533,8;
176747,533,8;
176797,533,8;
176857,533,8;
176926,533,8;
176974,533,8;
177035,532,9;
177084,532,8;
177156,533,8;
177204,533,8;
177265,533,7;
177320,531,8;
177384,532,7;
177440,533,7;
177502,533,8;
177563,533,8;
177613,533,7;
177672,533,8;
177732,533,8;
177791,533,8;
177850,533,7;
177908,532,8;
177960,533,8;
178030,532,9;
178081,533,7;
178141,533,8;
178199,534,7;
178256,533,8;
178309,532,7;
178378,533,7;
178429,532,8;
178488,533,7;
178537,533,7;
178605,532,8;
178665,532,7;
178716,532,8;
178786,532,8;
178831,533,8;
178895,533,7;
178954,533,8;
179005,532,7;
179065,532,8;
179134,531,8;
179182,532,8;
179243,532,8;
179301,533,7;
179360,533,7;
179412,533,8;
179473,533,8;
179532,533,8;
179592,531,8;
179640,531,8;
179708,532,8;
179761,533,8;
179821,533,8;
179881,532,9;
179940,533,7;
180000,533,7;
180049,533,8;
180116,532,7;
180168,533,8;
180238,533,8;
180285,533,8;
180347,533,8;
180397,532,8;
180464,533,8;
180516,532,8;
180586,533,8;
180636,533,7;
180696,532,8;
180756,532,8;
180805,532,8;
180872,533,8;
180924,532,8;
180994,532,8;
181041,532,8;
181103,533,7;
181153,532,8;
181220,533,8;
181272,532,8;
181333,533,8;
181392,533,7;
181452,532,8;
181500,533,9;
181568,532,8;
181622,532,7;
181690,533,7;
181740,532,8;
181800,533,7;
181860,532,8;
181908,533,8;
181976,533,8;
182028,532,8;
182098,533,7;
182145,531,9;
182207,532,8;
182257,531,8;
182324,532,8;
182376,533,8;
182437,533,7;
182497,532,8;
182556,533,8;
182616,532,8;
182665,534,8;
182732,532,7;
182785,532,8;
182855,533,8;
182903,532,8;
182963,531,10;
183013,532,7;
183080,533,8;
183141,532,8;
183192,532,8;
183252,533,8;
183312,533,8;
183361,532,8;
183428,532,8;
183489,533,8;
183540,532,9;
183610,532,8;
183659,532,9;
183719,532,8;
183769,533,8;
183836,532,7;
183888,533,8;
183949,532,7;
184008,532,7;
184077,533,8;
184124,533,7;
184183,532,8;
184236,533,8;
184297,533,8;
184366,532,8;
184415,533,8;
184475,532,8;
184525,532,8;
184592,533,8;
184644,532,8;
184714,533,9;
184762,533,8;
184823,533,8;
184873,533,9;
184940,533,8;
184992,533,7;
185062,532,8;
185113,533,8;
185172,532,7;
185221,533,8;
185288,531,9;
185341,534,6;
185410,532,8;
185460,531,8;
185520,532,8;
184580,533,8;
185629,532,7;
185696,532,8;
185748,533,8;
185818,533,8;
185865,533,8;
185928,533,8;
185985,532,8;
186038,532,8;
186106,533,8;
186157,533,8;
186217,533,8;
186276,532,9;
186336,532,8;
186394,532,8;
186455,533,8;
186505,532,7;
186566,532,9;
186633,533,8;
186684,533,8;
186741,533,8;
186803,532,8;
186861,533,8;
186913,533,7;
186972,533,8;
187032,532,8;
187091,532,8;
187151,532,8;
187208,533,8;
187261,533,7;
187321,533,8;
187380,532,7;
187440,533,8;
187497,532,8;
187559,533,8;
187608,533,7;
187668,532,8;
187728,533,8;
187789,533,8;
187845,533,8;
187907,532,8;
187957,533,8;
188017,532,7;
188086,533,8;
188145,532,9;
188205,532,8;
188245,531,8;
188312,533,7;
188364,532,8;
188426,532,9;
188493,533,7;
188544,532,7;
188603,533,8;
188663,532,8;
188713,533,7;
188773,532,8;
188832,533,8;
188892,533,8;
188951,533,8;
189010,532,9;
189067,532,7;
189121,533,8;
189190,532,6;
189240,533,8;
189300,533,7;
189356,533,8;
189409,532,8;
189478,532,7;
189528,532,8;
189588,533,7;
189648,531,8;
189706,532,8;
189763,532,9;
189818,532,8;
189878,532,7;
189946,533,7;
189996,533,8;
190056,533,8;
190104,533,7;
190174,532,7;
190226,532,8;
190286,533,9;
190353,531,9;
190403,533,7;
190462,533,7;
190522,532,8;
190572,532,8;
190642,533,8;
190692,533,8;
190752,532,9;
190811,533,8;
190866,533,7;
190931,533,7;
190990,533,8;
191041,533,7;
191100,533,6;
191160,533,7;
191217,532,8;
191279,533,8;
191328,534,8;
191389,533,8;
191448,533,8;
191508,532,7;
191567,532,8;
191622,532,7;
191677,534,8;
191737,536,6;
193835,537,9;
193885,533,8;
193954,532,8;
194005,534,7;
194064,533,7;
194124,532,9;
194181,533,8;
194242,533,8;
194293,532,7;
194353,533,8;
194412,532,8;
194472,532,8;
194529,533,8;
194590,533,7;
194650,533,8;
194710,533,8;
194761,533,8;
194820,532,8;
194880,532,8;
194942,533,8;
194996,532,7;
195048,533,7;
195109,532,8;
195168,532,8;
195228,532,8;
195286,533,7;
195337,532,8;
195397,533,8;
195466,531,8;
195526,532,9;
194575,533,8;
195636,532,8;
195692,532,7;
195745,532,8;
195814,533,8;
195863,532,8;
195924,531,8;
195984,533,6;
196033,532,9;
196100,532,8;
196152,533,7;
196222,533,8;
196270,532,8;
196331,532,9;
196381,532,8;
196448,532,8;
196501,532,8;
196570,532,7;
196620,532,8;
196680,532,7;
196740,531,9;
196789,532,7;
196856,532,7;
196908,532,8;
196969,533,8;
197028,533,7;
197088,532,7;
197146,532,8;
197206,533,8;
197257,532,8;
197326,532,8;
197376,532,7;
197436,531,9;
197505,532,7;
197552,533,7;
197605,532,8;
197665,532,8;
197734,533,8;
197783,533,9;
197843,532,8;
197893,533,8;
197963,532,9;
198012,532,8;
198074,531,8;
198132,533,8;
198192,533,8;
198250,532,8;
198301,532,8;
198371,533,8;
198420,532,8;
198481,533,8;
198540,532,8;
198600,533,7;
198657,532,8;
198718,531,8;
198778,532,8;
198829,533,8;
198888,532,7;
198948,532,8;
199007,532,8;
199062,532,9;
199117,532,8;
199177,533,8;
199237,532,8;
199305,532,7;
199356,532,8;
199405,532,8;
199473,532,9;
199525,533,8;
199585,533,7;
199653,532,7;
199704,533,7;
