Mon Dec 19 20:22:11 2011

801,117,359;
870,117,360;
916,116,359;
977,116,359;
1051,116,360;
1102,117,364;
1183,116,364;
1233,115,363;
1306,115,362;
1377,118,360;
1436,120,359;
1508,122,361;
1579,125,363;
1640,127,364;
1709,129,366;
1772,130,366;
1844,132,367;
1906,132,368;
1976,133,369;
2048,133,369;
2098,133,370;
2181,133,370;
2230,133,371;
2302,133,372;
2374,133,372;
2443,132,372;
2509,132,373;
2576,132,373;
2636,132,373;
2709,132,372;
2768,134,371;
2830,135,370;
2901,135,371;
2973,135,373;
3047,136,375;
3103,138,375;
3165,139,375;
3237,138,375;
3319,137,372;
3368,135,369;
3438,134,368;
3510,135,366;
3572,136,364;
3631,136,360;
3697,137,354;
3764,140,349;
3835,149,343;
3897,156,341;
3958,162,339;
4030,166,338;
4100,166,337;
4161,169,337;
4233,175,336;
4302,175,337;
4375,172,337;
4426,167,339;
4497,167,339;
4567,166,340;
4639,166,340;
4690,162,342;
4761,168,339;
4830,168,338;
4893,166,336;
4964,162,335;
5025,161,336;
5097,159,335;
5166,156,335;
5239,157,333;
5299,156,331;
5371,153,332;
5432,152,333;
5493,152,334;
5555,151,337;
5626,152,338;
5696,149,342;
5766,148,344;
5838,150,343;
5897,149,345;
5964,146,351;
6032,145,352;
6092,143,352;
6153,145,350;
6234,147,352;
6289,147,353;
6354,146,354;
6429,146,354;
6499,144,355;
6561,141,353;
6629,139,353;
6691,139,353;
6763,139,353;
6822,139,351;
6893,139,351;
6957,139,349;
7027,138,351;
7099,139,355;
7158,143,356;
7219,146,353;
7293,146,350;
7352,146,353;
7424,147,354;
7495,149,349;
7566,149,352;
7625,149,351;
7698,151,349;
7749,152,351;
7832,155,348;
7882,157,348;
7950,158,348;
8019,159,347;
8106,160,346;
8167,161,345;
8216,162,343;
8288,163,343;
8358,163,342;
8419,163,340;
8491,162,340;
8551,161,339;
8624,160,339;
8684,159,340;
8756,158,337;
8818,156,338;
8887,153,338;
8959,150,337;
9020,146,336;
9081,145,335;
9153,144,335;
9223,144,335;
9294,144,334;
9352,144,335;
9416,144,335;
9478,145,336;
9549,146,337;
9616,146,339;
9679,146,339;
9752,146,340;
9823,146,341;
9884,146,342;
9955,146,342;
10017,147,342;
10088,147,340;
10149,146,341;
10219,145,340;
10279,144,341;
10351,143,340;
10421,142,339;
10483,141,339;
10555,141,339;
10616,140,338;
10676,140,340;
10738,140,339;
10809,140,339;
10891,140,339;
10939,140,339;
11013,139,339;
11072,139,337;
11144,139,338;
11206,139,338;
11287,139,340;
11344,140,340;
11408,140,340;
11480,140,340;
11548,140,340;
11602,140,339;
11683,141,339;
11733,141,339;
11812,141,340;
11877,141,341;
11947,141,341;
12018,141,342;
12079,141,342;
12139,141,344;
12213,141,345;
12273,141,345;
12344,141,346;
12415,141,345;
12466,141,347;
12545,142,345;
12599,141,345;
12666,140,345;
12741,140,345;
12801,140,345;
12872,140,345;
12933,140,345;
13004,140,345;
13075,140,347;
13136,140,347;
13208,141,348;
13266,141,348;
13337,141,349;
13410,142,350;
13471,142,353;
13542,143,353;
13604,145,356;
13674,146,357;
13736,148,358;
13797,149,362;
13868,150,365;
13939,150,366;
13999,149,366;
14071,147,364;
14131,145,365;
14214,147,373;
14274,144,371;
14336,140,368;
14397,137,373;
14460,136,373;
14529,135,378;
14610,133,383;
14661,134,392;
14742,135,396;
14792,132,403;
14864,131,417;
14936,128,419;
14995,122,418;
15068,116,418;
15130,112,426;
15201,110,426;
15271,109,428;
15332,109,429;
15402,111,431;
15464,113,432;
15535,117,433;
15596,124,433;
15667,131,434;
15728,140,436;
15800,150,437;
15857,160,436;
15932,172,437;
15994,176,440;
16077,177,440;
16137,178,440;
16196,180,438;
16266,181,440;
16329,181,443;
16399,179,440;
16462,176,445;
16531,174,447;
16593,173,441;
16663,172,439;
16725,168,441;
16796,165,438;
16857,162,435;
16928,156,434;
17000,152,430;
17060,149,425;
17129,145,421;
17192,140,419;
17263,136,418;
17325,136,411;
17393,135,406;
17467,135,399;
17524,136,394;
17589,136,390;
17661,136,383;
17721,136,371;
17793,134,360;
17854,138,345;
17934,135,336;
17985,132,327;
18057,131,320;
18128,133,312;
18198,131,305;
18249,131,297;
18330,131,290;
18391,130,282;
18462,129,273;
18525,128,263;
18595,125,252;
18654,122,242;
18716,118,234;
18789,114,226;
18860,110,219;
18919,107,214;
18990,105,209;
19052,104,205;
19120,105,202;
19185,105,202;
19256,106,202;
19318,107,203;
19378,110,204;
19457,112,205;
19521,114,207;
19581,117,210;
19653,120,214;
19723,124,217;
19794,128,220;
19845,131,222;
19926,134,224;
19978,136,226;
20058,139,226;
20120,141,226;
20191,141,225;
20251,140,223;
20313,135,222;
20384,134,222;
20454,135,223;
20514,137,223;
20577,138,224;
20648,138,225;
20729,139,225;
20779,140,225;
20850,141,225;
20913,142,225;
20984,144,225;
21055,145,224;
21106,146,224;
21185,146,224;
21247,146,224;
21318,146,224;
21376,146,224;
21442,145,225;
21512,144,225;
21573,144,225;
21654,143,225;
21713,143,225;
21776,142,224;
21848,141,224;
21908,141,223;
21989,141,222;
22043,140,222;
22107,140,222;
22174,140,221;
22243,140,221;
22312,140,220;
22377,139,219;
22437,139,219;
22504,138,218;
22577,137,217;
22640,136,216;
22711,135,215;
22773,135,214;
22843,137,213;
22913,140,213;
22975,142,213;
23034,144,213;
23109,145,213;
23169,145,213;
23250,145,214;
23303,144,214;
23374,142,214;
23443,141,213;
23515,140,213;
23577,139,213;
23634,138,213;
23709,137,213;
23778,137,213;
23850,136,213;
23901,136,214;
23972,135,215;
24043,135,215;
24114,135,215;
24163,135,216;
24237,135,216;
24304,135,216;
24378,135,216;
24441,135,217;
24500,136,217;
24572,136,217;
24634,137,217;
24704,138,217;
24771,138,217;
24836,139,217;
24898,139,217;
24970,140,218;
25039,140,218;
25099,140,218;
25171,141,218;
25233,141,218;
25304,141,218;
25375,141,218;
25436,141,219;
25497,141,219;
25577,141,219;
25636,141,219;
25700,141,219;
25772,141,219;
25833,141,219;
25902,141,219;
25965,141,219;
26034,141,220;
26107,141,220;
26165,140,220;
26238,140,220;
26300,140,220;
26361,140,221;
26442,140,221;
26504,140,221;
26563,139,221;
26635,139,222;
26697,139,222;
26767,139,222;
26829,139,222;
26890,139,222;
26961,139,222;
27031,139,223;
27093,138,223;
27164,138,223;
27233,138,222;
27296,138,222;
27364,138,222;
27428,137,222;
27500,137,222;
27559,137,222;
27629,139,221;
27692,141,219;
27763,142,218;
27834,145,218;
27896,145,218;
27967,145,218;
28027,145,218;
28099,145,218;
28159,146,218;
28229,146,218;
28303,146,218;
28353,146,218;
28434,146,218;
28495,146,218;
28556,146,218;
28628,146,217;
28695,146,217;
28758,147,217;
28830,147,217;
28881,147,217;
28953,147,217;
29025,147,217;
29096,147,217;
29166,147,217;
29227,147,217;
29288,147,217;
29358,147,217;
29421,147,217;
29482,147,217;
29551,147,217;
29624,147,217;
29695,147,217;
29755,147,217;
29824,147,217;
29888,148,217;
29955,148,217;
30021,148,217;
30090,148,217;
30151,148,217;
30224,148,217;
30294,148,217;
30355,148,217;
30426,148,217;
30486,148,217;
30556,148,217;
30619,148,217;
30688,148,217;
30752,148,218;
30823,148,218;
30884,148,218;
30945,148,218;
31026,148,218;
31077,148,218;
31147,148,217;
31220,148,217;
31280,148,217;
31352,148,217;
31422,148,217;
31483,148,217;
31554,148,217;
31617,148,217;
31676,149,217;
31748,149,217;
31810,149,217;
31891,149,217;
31941,149,217;
32022,149,218;
32083,150,217;
32154,150,218;
32216,151,219;
32276,152,221;
32348,154,223;
32419,152,223;
32480,151,224;
32549,150,223;
32613,145,222;
32684,143,221;
32745,144,220;
32805,145,223;
32886,145,227;
32947,147,230;
33008,149,230;
33080,150,230;
33151,152,230;
33213,154,231;
33284,156,232;
33345,160,232;
33415,161,230;
33476,160,230;
33538,159,231;
33606,158,233;
33679,159,235;
33750,160,236;
33808,161,236;
33874,161,235;
33945,161,234;
34015,165,232;
34077,170,230;
34147,175,225;
34208,186,222;
34279,197,220;
34340,202,219;
34409,209,214;
34474,216,210;
34543,218,205;
34605,221,202;
34675,222,200;
34747,222,199;
34807,222,198;
34869,219,200;
34941,217,200;
35011,215,201;
35082,213,202;
35144,213,201;
35204,213,199;
35276,212,199;
35336,212,198;
35407,212,198;
35478,212,198;
35529,211,198;
35608,213,197;
35661,215,196;
35734,216,194;
35815,218,194;
35864,219,194;
35935,221,191;
35998,223,185;
36068,223,185;
36139,224,185;
36200,221,186;
36261,222,186;
36333,221,188;
36403,227,185;
36465,225,185;
36526,223,185;
36597,225,188;
36667,230,190;
36739,235,193;
36798,239,197;
36871,244,201;
36932,251,206;
37002,259,208;
37065,267,211;
37133,275,217;
37206,282,225;
37269,290,232;
37329,294,233;
37399,300,235;
37461,303,237;
37542,305,241;
37602,308,245;
37663,313,250;
37725,321,253;
37797,330,255;
37868,340,257;
37928,351,252;
37999,367,250;
38059,383,247;
38131,402,242;
38202,419,239;
38264,434,238;
38334,450,240;
38394,465,242;
38457,481,243;
38530,498,243;
38589,517,245;
38660,536,245;
38728,557,243;
38792,577,238;
38863,593,233;
38924,601,225;
38996,606,216;
39057,613,211;
39128,619,204;
39190,627,198;
39279,633,198;
39320,567,220;
39453,1,393;
39535,1,393;
39585,1,393;
39667,1,393;
39788,1,393;
39860,1,393;
39920,1,393;
40123,1,393;
40195,1,393;
40255,0,393;
40327,1,393;
40459,304,0;
40522,0,392;
40591,1,393;
40785,0,392;
40866,1,393;
40926,1,393;
40988,0,393;
41060,1,393;
41121,1,393;
41190,1,393;
41263,0,392;
41323,1,393;
41455,0,393;
41520,0,393;
41589,0,392;
41721,1,393;
41781,0,392;
41922,0,393;
42057,1,393;
42117,1,393;
42259,1,393;
42382,300,0;
42452,0,392;
42514,1,393;
42655,0,393;
42784,1,393;
42920,313,0;
43042,1,393;
43119,1,393;
43174,1,393;
43305,1,393;
43377,1,393;
43511,1,393;
43651,1,393;
43722,1,393;
43774,1,393;
43844,157,196;
43906,0,393;
43976,0,392;
44048,1,393;
44109,1,393;
44180,1,393;
44444,1,393;
44576,0,392;
44645,1,393;
44708,1,393;
44780,1,393;
44840,0,393;
44912,232,98;
44974,1,393;
45045,1,393;
45118,1,393;
45175,1,393;
45369,1,393;
45498,1,393;
45581,1,393;
45640,0,393;
45705,0,393;
45843,1,393;
45969,1,393;
46102,1,393;
46173,0,393;
46234,1,393;
46376,0,393;
46436,1,393;
46508,0,393;
45568,1,393;
46640,0,392;
46700,0,392;
46770,1,393;
46843,1,393;
46893,0,392;
47035,0,393;
47107,1,393;
47372,1,393;
47443,0,392;
47504,0,393;
47565,1,393;
47644,1,393;
47708,0,392;
47769,1,393;
47839,0,393;
47900,1,393;
47971,1,393;
48032,1,393;
48093,0,393;
48166,1,393;
48236,1,393;
48306,1,393;
48428,1,393;
48500,0,393;
48561,1,393;
48643,0,393;
48704,0,392;
48764,1,393;
48897,1,393;
49030,1,393;
49099,0,393;
49161,0,392;
49234,1,393;
49304,0,393;
49365,1,393;
49435,1,393;
49506,1,393;
49558,1,393;
49629,1,393;
49771,0,393;
49820,0,393;
49891,1,393;
49964,0,392;
50093,0,393;
50167,1,393;
50288,0,393;
50361,0,392;
50432,0,392;
50493,200,131;
50564,1,393;
50634,125,424;
50692,1,393;
50758,0,392;
50828,1,393;
50957,1,393;
51031,1,393;
51103,1,393;
51224,1,393;
51294,1,393;
51356,202,131;
51429,0,393;
51488,1,393;
51620,1,393;
51692,0,392;
51763,2,396;
51824,1,393;
52017,0,393;
52088,1,393;
52147,1,393;
52221,0,392;
52291,1,393;
52352,1,393;
52424,1,393;
52484,0,393;
52556,1,393;
52687,0,393;
52756,1,393;
52820,1,393;
52888,0,392;
52952,0,393;
53023,1,393;
53085,1,393;
53146,0,393;
53220,1,393;
53285,1,393;
53348,0,392;
53415,1,393;
53553,1,393;
53613,1,393;
53682,1,393;
53756,229,418;
53817,1,393;
53878,0,393;
53949,1,393;
54017,0,392;
54091,0,393;
54153,1,393;
54206,1,393;
54346,1,393;
54417,0,393;
54548,1,393;
54610,0,392;
54683,1,393;
54751,624,220;
54812,632,217;
54873,628,215;
54945,624,224;
55014,619,230;
55075,613,231;
55148,606,228;
55210,596,226;
55280,584,223;
55342,568,220;
55412,552,219;
55483,536,218;
55542,523,217;
55606,511,216;
55677,500,215;
55747,488,211;
55808,476,209;
55879,463,206;
55940,445,202;
56012,426,197;
56073,412,192;
56144,397,190;
56214,381,190;
56275,366,189;
56337,351,185;
56408,331,182;
56479,312,178;
56540,292,179;
56602,273,179;
56682,257,176;
56733,245,171;
56805,235,167;
56876,223,163;
56935,207,161;
57008,190,160;
57069,173,159;
57141,155,158;
57202,139,155;
57273,123,148;
57340,107,141;
57404,95,141;
57475,84,141;
57537,74,141;
57607,65,141;
57669,54,140;
57736,49,141;
57802,44,141;
57873,38,139;
57943,34,135;
58004,31,131;
58065,30,127;
58137,29,124;
58206,28,120;
58268,26,118;
58339,25,116;
58400,24,115;
58468,23,113;
58534,24,110;
58601,24,104;
58675,24,97;
58737,24,88;
58798,24,78;
58869,24,68;
58939,24,58;
59000,25,55;
59069,28,53;
59133,29,48;
59203,31,45;
59264,34,42;
59336,36,41;
59397,37,38;
59467,40,38;
59528,43,42;
59599,45,43;
59661,41,43;
59732,39,44;
59793,41,45;
59863,45,48;
59925,47,54;
59996,46,55;
60067,47,51;
60126,49,53;
60199,61,63;
60268,77,70;
60331,84,70;
60393,78,60;
60454,63,52;
60525,44,47;
60596,41,45;
60655,43,44;
60728,37,39;
60789,27,36;
60858,26,41;
60922,28,48;
60992,31,55;
61064,31,51;
61124,26,42;
61195,24,37;
61258,21,34;
61327,20,29;
61389,24,25;
61459,27,22;
61521,21,21;
61592,34,22;
61650,42,29;
61724,50,38;
61796,58,43;
61856,55,41;
61927,50,35;
61988,47,28;
62060,48,23;
62121,49,22;
62191,52,18;
62253,53,13;
62323,55,8;
62394,57,7;
62457,55,9;
62517,53,11;
62585,54,14;
62649,56,16;
62720,56,17;
62792,58,20;
62849,61,21;
62923,65,23;
62994,69,24;
63054,70,25;
63127,70,26;
63188,71,28;
63258,74,30;
63320,79,32;
63382,85,33;
63462,88,30;
63523,92,23;
63595,96,22;
63655,101,25;
63726,107,25;
63788,112,21;
63848,115,20;
63919,113,17;
63991,118,14;
64052,128,13;
64123,147,13;
64185,151,11;
64255,151,9;
64317,140,8;
64378,142,6;
64449,141,6;
64519,137,4;
64580,125,6;
64652,114,7;
64713,119,10;
64787,127,16;
64855,129,17;
64917,124,16;
64978,119,16;
65049,109,19;
65119,98,21;
65181,89,21;
65252,83,20;
65322,78,20;
65380,74,22;
65455,74,23;
65526,73,24;
65576,72,25;
65649,72,26;
65710,72,27;
65781,71,28;
65850,71,29;
65912,72,30;
65983,73,30;
66044,73,31;
66106,75,32;
66177,76,33;
66249,81,33;
66309,84,33;
66381,85,34;
66451,86,33;
66512,86,33;
66573,89,34;
66645,98,40;
66716,104,34;
66776,96,29;
66848,93,23;
66909,88,24;
66980,83,33;
67042,78,41;
67105,70,43;
67183,56,43;
67234,51,42;
67306,49,29;
67376,68,26;
67432,82,26;
67508,82,26;
66569,75,25;
67641,72,26;
67711,58,32;
67772,52,34;
67833,53,30;
67904,57,26;
67975,59,27;
68036,64,31;
68098,70,32;
68169,75,28;
68240,71,29;
68301,68,24;
68366,64,24;
68433,63,24;
68504,64,26;
68566,62,25;
68636,64,20;
68698,62,32;
68768,66,34;
68830,69,31;
68901,65,29;
68971,59,31;
69042,53,34;
69103,48,37;
69165,52,34;
69247,67,21;
69296,69,21;
69368,74,21;
69425,82,25;
69501,78,24;
69562,71,18;
69632,70,19;
69703,75,23;
69765,75,27;
69835,62,33;
69897,54,42;
69967,55,40;
70029,57,35;
70100,61,28;
70161,62,25;
70232,65,25;
70293,70,28;
70364,69,27;
70435,68,25;
70496,66,25;
70567,67,28;
70628,69,31;
70700,64,29;
70761,59,27;
70831,57,30;
70890,59,34;
70963,63,36;
71025,64,37;
71097,63,37;
71157,64,38;
71229,66,38;
71299,67,36;
71360,67,35;
71431,67,33;
71491,66,33;
71564,64,32;
71625,62,32;
71695,59,33;
71757,56,33;
71828,52,34;
71898,47,35;
71960,44,35;
72022,41,34;
72093,39,32;
72163,36,28;
72236,33,23;
72295,32,21;
72357,28,18;
72427,19,10;
72489,14,8;
72558,15,8;
72622,16,10;
72692,16,10;
72762,18,9;
72824,20,9;
72895,27,10;
72960,34,15;
73018,37,20;
73098,40,19;
73160,44,19;
73221,43,22;
73292,42,24;
73353,38,25;
73425,37,25;
73493,39,26;
73566,42,26;
73618,31,27;
73689,32,23;
73750,29,19;
73831,28,15;
73891,24,22;
73962,28,26;
74024,30,30;
74095,30,24;
74156,49,22;
74217,47,24;
74289,46,29;
74360,48,30;
74421,53,31;
74489,58,27;
74553,55,25;
74623,48,32;
74686,50,33;
74753,55,31;
74817,56,29;
74887,60,28;
74958,64,26;
75020,66,26;
75092,64,24;
75153,58,23;
75214,54,26;
75285,56,32;
75355,53,31;
75416,49,32;
75487,46,33;
75548,46,36;
75610,47,40;
75681,43,40;
75741,41,36;
75823,39,28;
75874,40,27;
75945,53,38;
76016,48,35;
76077,45,32;
76148,46,32;
76209,51,36;
76280,52,38;
76341,48,39;
76412,45,40;
76484,44,41;
76545,46,47;
76615,49,53;
76677,52,57;
76747,55,55;
76809,53,55;
76890,53,57;
76940,54,60;
77012,55,62;
77073,55,63;
77154,54,64;
77216,53,65;
77276,54,65;
77348,53,64;
77408,51,67;
77479,49,69;
77541,49,71;
77613,50,73;
77672,54,74;
77754,58,76;
77805,65,76;
77876,73,76;
77937,80,75;
78008,88,74;
78079,94,73;
78140,102,70;
78202,107,69;
78272,113,69;
78332,118,70;
78392,124,72;
78442,130,74;
78510,135,78;
78561,141,80;
78621,147,84;
78681,152,86;
78740,157,88;
78800,161,91;
78861,167,95;
78905,170,99;
78968,174,104;
79027,177,107;
79089,179,108;
79147,181,109;
79207,181,111;
79257,178,115;
79326,175,116;
79377,174,116;
79436,173,115;
79496,174,113;
79555,173,112;
79614,175,112;
79665,178,113;
79725,179,113;
79784,180,114;
79844,182,112;
79903,182,112;
79963,184,111;
80013,185,110;
80074,188,110;
80142,191,110;
80191,196,107;
80253,203,105;
80312,206,104;
80372,206,106;
80428,204,108;
80481,203,110;
80541,203,111;
80601,201,112;
80660,201,114;
80720,199,114;
80769,200,114;
80839,200,113;
80888,201,111;
80948,201,110;
81007,201,109;
81067,200,108;
81128,200,108;
81184,199,106;
81238,199,104;
81297,199,101;
81357,197,98;
81416,195,95;
81475,193,90;
81525,190,86;
81592,186,82;
81645,181,78;
81714,176,73;
81762,172,69;
81825,166,64;
81874,162,61;
81943,158,57;
81994,154,53;
82062,147,49;
82112,138,45;
82172,127,42;
82232,118,40;
82289,111,36;
82342,106,32;
82411,96,29;
82460,82,26;
82520,58,21;
82580,51,20;
82639,52,20;
82690,57,22;
82759,64,26;
82809,71,30;
82870,76,32;
82938,79,31;
82989,85,31;
83047,94,30;
83107,100,30;
83157,106,31;
83218,110,33;
83286,115,35;
83337,118,36;
83386,120,36;
83456,123,37;
83514,127,36;
83564,131,36;
83624,134,36;
83684,135,35;
83754,135,33;
83803,137,29;
83854,144,21;
83913,147,15;
83980,148,14;
84032,141,14;
84092,135,10;
84141,118,13;
84202,120,7;
84261,117,5;
84330,115,4;
84380,116,3;
84440,116,3;
84489,115,3;
84559,117,3;
84610,114,3;
84669,114,3;
84729,116,3;
84788,122,3;
84846,127,4;
84898,127,5;
84967,129,6;
85018,129,6;
85084,129,7;
85136,130,7;
85197,131,7;
85255,131,8;
85306,130,8;
85365,129,7;
85434,129,5;
85485,130,4;
85544,130,4;
85604,130,5;
85654,131,5;
85714,131,5;
85773,131,5;
85833,130,5;
85892,129,5;
85952,128,5;
86012,129,5;
86068,128,5;
86128,128,5;
86181,129,6;
86251,130,6;
86300,132,7;
86360,135,9;
86415,137,11;
86481,137,13;
86538,138,14;
86599,139,14;
86648,141,15;
86708,142,15;
86765,142,15;
86823,142,15;
86877,141,14;
86937,142,15;
86993,142,14;
87057,144,12;
87106,146,10;
87175,140,8;
87226,141,8;
87285,142,9;
87346,142,9;
87404,142,10;
87463,141,10;
87524,140,10;
87582,140,11;
87641,140,11;
87699,140,11;
87751,140,11;
87813,140,11;
87872,140,11;
87932,139,11;
87981,139,10;
88051,137,10;
88101,136,10;
88161,135,10;
88220,135,10;
88279,135,9;
88339,136,10;
88389,136,9;
88459,136,10;
88503,137,10;
88579,137,10;
88625,138,10;
88689,139,9;
88737,139,8;
88807,138,7;
88855,139,6;
88917,136,7;
88976,136,6;
89035,134,5;
89095,134,5;
89145,132,4;
89215,132,4;
89273,131,4;
89324,132,4;
89384,131,3;
89443,131,3;
89493,130,3;
89563,137,3;
89612,141,5;
89673,137,6;
89732,131,8;
89792,128,9;
89851,127,10;
89901,126,11;
89968,126,12;
90021,125,13;
90081,125,13;
90140,124,12;
90200,123,12;
90250,123,12;
90316,123,12;
90369,123,12;
90429,123,11;
90488,124,10;
90547,127,9;
90598,133,8;
90664,139,6;
90728,144,4;
90786,145,3;
90837,144,3;
90897,138,4;
90955,137,6;
91006,138,6;
91074,137,7;
91123,134,7;
91185,134,7;
91253,133,8;
91302,134,8;
91361,133,8;
91421,133,7;
91473,132,8;
91543,133,8;
91593,133,8;
91653,133,8;
91713,133,8;
91761,133,8;
91828,134,8;
91881,133,8;
91950,133,8;
91997,133,8;
92060,133,8;
92109,134,8;
92176,133,8;
92228,134,8;
92289,134,8;
92348,134,8;
92407,135,8;
92468,134,8;
92527,134,8;
92577,134,8;
92637,133,8;
92707,134,8;
92753,133,8;
92816,133,8;
92866,132,8;
92932,132,8;
92984,132,8;
93045,132,8;
93105,132,8;
93164,131,7;
93220,131,8;
93274,131,8;
93341,131,8;
93392,130,7;
93453,131,7;
93512,131,7;
92572,130,7;
93632,131,7;
93692,130,7;
93741,130,7;
93802,130,7;
93860,130,7;
93919,130,7;
93970,130,7;
94036,130,7;
94089,130,7;
94158,130,7;
94209,130,7;
94268,130,7;
94328,131,7;
94378,131,7;
94444,131,7;
94497,131,7;
94557,131,7;
94616,131,7;
94676,131,6;
94735,131,7;
94786,131,7;
94845,132,7;
94914,132,7;
94962,131,7;
95024,132,7;
95084,131,7;
95134,131,7;
95201,131,7;
95253,131,7;
95312,131,7;
95372,131,7;
95432,132,7;
95481,133,6;
95548,134,6;
95601,135,5;
95670,136,5;
95717,141,4;
95780,149,3;
95830,151,3;
95896,151,3;
95959,150,3;
96007,149,3;
96069,147,4;
96138,145,4;
96185,144,5;
96237,143,5;
96307,143,5;
96355,143,5;
96417,141,5;
96476,139,5;
96536,140,5;
96586,140,5;
96656,140,6;
96704,140,7;
96765,138,7;
96825,138,7;
96884,137,8;
96944,137,10;
96993,137,11;
97063,137,12;
97111,138,14;
97173,138,15;
97232,138,16;
97292,138,16;
97341,138,17;
97408,137,17;
97460,137,17;
97521,137,17;
97581,138,17;
97640,138,16;
97700,138,16;
97749,138,16;
97816,138,16;
97869,139,16;
97929,139,16;
97989,139,15;
98048,139,16;
98098,139,16;
98164,138,16;
98217,138,16;
98286,138,16;
98335,138,16;
98396,138,16;
98445,138,16;
98512,138,16;
98565,138,16;
98625,138,15;
98686,138,16;
98744,137,15;
98804,138,15;
98864,138,15;
98914,138,15;
98974,138,15;
99042,139,15;
99092,138,15;
99152,138,14;
99204,137,13;
99269,136,12;
99321,135,11;
99382,134,10;
99442,131,9;
99509,129,8;
99560,129,8;
99616,129,8;
99670,128,8;
99729,128,8;
99789,128,8;
99848,127,8;
99908,127,7;
99957,127,7;
100024,128,7;
100077,129,7;
100146,128,7;
100195,128,7;
100255,128,7;
100315,128,8;
100375,127,7;
100425,128,8;
100494,128,8;
100545,127,7;
100604,128,7;
100664,127,7;
100714,127,7;
100781,127,7;
100832,127,8;
100893,127,7;
100951,128,8;
101012,127,8;
101062,128,7;
101128,128,7;
101182,128,7;
101250,128,7;
101301,128,7;
101360,128,7;
101420,128,6;
101470,128,7;
101536,128,6;
101599,128,6;
101648,128,7;
101707,128,6;
101768,127,6;
101818,128,6;
101885,128,7;
101936,128,6;
101997,128,6;
102057,128,6;
102116,128,6;
102176,128,5;
102225,129,6;
102285,128,6;
102345,129,6;
102414,130,6;
102465,130,6;
102524,130,6;
101574,130,6;
102644,130,5;
102693,130,5;
102752,130,5;
102811,130,5;
102871,132,5;
102931,130,5;
102981,129,4;
103051,130,5;
103100,131,4;
103161,130,5;
103220,129,4;
103280,130,5;
103329,129,5;
103399,130,5;
103448,131,6;
103510,131,7;
102569,132,7;
103627,132,8;
103678,131,8;
103745,131,8;
103808,131,8;
103866,131,8;
103916,131,8;
103976,131,8;
104035,131,8;
104095,131,8;
104146,131,8;
104215,131,8;
104263,130,8;
104323,131,8;
104385,131,8;
104434,131,8;
104500,131,8;
104553,131,8;
104608,130,7;
104674,130,8;
104733,129,7;
104792,129,7;
104841,128,7;
104909,127,7;
104960,128,7;
105021,127,7;
105080,127,7;
105139,128,7;
105189,127,6;
105256,127,6;
105309,127,6;
105378,125,6;
105425,126,6;
105488,125,6;
105548,124,6;
105604,124,6;
105667,124,6;
105727,124,6;
105776,125,6;
105835,125,6;
105894,125,6;
105956,125,7;
106016,125,6;
106064,124,7;
106126,125,6;
106184,125,6;
106244,126,7;
106303,126,7;
106354,125,6;
106421,125,6;
106473,125,6;
106533,125,6;
106593,125,6;
106653,125,6;
106701,124,7;
106768,125,5;
106821,125,5;
106891,126,5;
106939,127,5;
107000,129,5;
107057,129,5;
107110,130,5;
107169,129,4;
107239,131,5;
107289,131,4;
107347,132,4;
107408,130,5;
107464,128,5;
107527,126,5;
107575,126,6;
107637,124,6;
107697,123,7;
107756,123,7;
107816,121,7;
107865,121,7;
107934,122,7;
107986,122,7;
108044,121,7;
108104,122,7;
108165,122,7;
108223,121,7;
108273,121,7;
108342,121,7;
108392,122,7;
108452,121,7;
108512,122,7;
108561,122,7;
108628,121,7;
108681,121,7;
108741,121,7;
108800,121,8;
108860,120,8;
108909,121,7;
108976,121,7;
109030,121,7;
109099,120,7;
109147,121,7;
109207,121,7;
109267,121,7;
109318,121,8;
109384,120,7;
109437,121,7;
109497,122,7;
109556,122,7;
109616,121,8;
109665,122,7;
109735,122,7;
109783,121,8;
109845,122,7;
109914,121,7;
109965,122,7;
110024,122,7;
110073,122,7;
110142,121,7;
110202,122,8;
110252,122,7;
110311,122,7;
110373,123,7;
110431,123,7;
110481,123,7;
110541,123,7;
110610,126,6;
110659,128,5;
110720,130,4;
110779,132,4;
110829,134,3;
110899,135,3;
110947,139,3;
111009,141,3;
111068,143,3;
111128,144,3;
111187,145,4;
111248,144,4;
111306,142,5;
111356,143,5;
111415,143,5;
111476,144,5;
111525,144,6;
111595,143,7;
111646,142,6;
111714,143,6;
111764,141,5;
111824,136,3;
111885,134,3;
111933,135,2;
112000,142,1;
112053,134,9;
112122,125,9;
112171,128,9;
112233,147,1;
112284,130,4;
112351,131,6;
112396,134,6;
112461,136,6;
112530,135,6;
112579,136,6;
112640,136,6;
112690,136,6;
112760,136,6;
112809,137,6;
112869,136,6;
112928,136,6;
112987,136,6;
113037,136,6;
113107,136,7;
113166,136,6;
113216,136,7;
113277,136,7;
113336,136,7;
113397,135,7;
113445,136,7;
113516,136,7;
113563,135,6;
113625,136,7;
113684,136,7;
113743,136,6;
113793,136,7;
113854,136,7;
113922,136,7;
113971,136,7;
114032,136,7;
114091,136,7;
114141,137,6;
114211,136,6;
114262,137,7;
114321,136,7;
114381,137,7;
114440,136,7;
114501,136,7;
114549,136,7;
114619,136,7;
114678,136,6;
114728,136,7;
114788,136,6;
114858,136,6;
114898,136,6;
114965,136,7;
115016,135,7;
115077,136,7;
115146,136,7;
115195,135,7;
115256,135,6;
115305,136,6;
115375,135,7;
115424,135,7;
115485,135,6;
115544,135,7;
115605,135,7;
115653,135,7;
115723,135,7;
115772,136,7;
115833,136,7;
115893,135,7;
115952,135,7;
116022,136,7;
116062,136,6;
116128,135,7;
116181,135,7;
116250,135,7;
116298,136,6;
116360,135,7;
116419,136,7;
116469,136,6;
116538,135,6;
116599,136,6;
116658,136,7;
116707,136,6;
116757,135,6;
116818,136,7;
116887,135,6;
116937,135,6;
116997,136,6;
117056,136,6;
117115,135,6;
117165,136,7;
117226,136,7;
117285,135,7;
117345,136,7;
117404,136,7;
117462,136,7;
117513,135,7;
117583,135,6;
117634,135,7;
117692,135,7;
117752,135,6;
117812,135,7;
117873,136,7;
117921,136,7;
117991,136,6;
118039,135,6;
118101,136,6;
118160,136,7;
118220,135,7;
118269,135,6;
118336,135,6;
118388,135,6;
118449,135,6;
118518,136,6;
118565,136,7;
118628,135,6;
118687,135,6;
118737,135,6;
118807,135,6;
118855,136,6;
118926,135,7;
118973,135,6;
119025,135,6;
119096,135,6;
119143,136,7;
119205,135,7;
119264,135,7;
119323,135,7;
119383,135,7;
119433,135,7;
119500,135,7;
119553,135,7;
119614,135,7;
119672,135,7;
119731,135,6;
119781,135,7;
119842,135,7;
119911,135,6;
119961,136,7;
120019,135,7;
120081,135,7;
120130,135,7;
120190,135,7;
120258,136,7;
120307,135,7;
120369,135,6;
120429,135,7;
120488,135,7;
120537,135,7;
120607,135,6;
120656,135,7;
120717,135,7;
120776,135,7;
120836,135,7;
120895,135,7;
120952,135,6;
121004,135,7;
121065,135,7;
121124,135,6;
121184,135,7;
121243,136,6;
121303,135,7;
121353,135,7;
121422,135,7;
121471,135,6;
121533,135,6;
121592,135,7;
121641,135,7;
121708,136,7;
121760,135,7;
121830,135,7;
121881,136,7;
121939,135,7;
121990,135,7;
122050,135,7;
122119,136,6;
122179,135,6;
122230,135,7;
122288,135,7;
122347,135,7;
122398,135,7;
122467,135,7;
122526,135,7;
122576,135,7;
122635,135,7;
122706,135,7;
122752,135,7;
122815,134,7;
122864,135,7;
122925,135,7;
122986,135,7;
123044,135,7;
123104,134,7;
123164,135,7;
123223,135,7;
123272,135,7;
123333,135,7;
123402,135,7;
123448,134,7;
123501,135,7;
122570,135,7;
123622,135,7;
123681,135,7;
123740,135,7;
123799,135,7;
123859,135,7;
123910,135,7;
123979,135,7;
124028,135,7;
124088,135,7;
124147,135,7;
124208,134,7;
124264,135,7;
124327,135,7;
124377,135,6;
124437,135,7;
124496,134,7;
124556,133,6;
124605,132,5;
124673,132,4;
124726,133,4;
124785,134,4;
124854,135,4;
124901,137,5;
124964,136,5;
125014,136,5;
125083,137,5;
125132,139,5;
125193,138,6;
125251,139,5;
125312,140,6;
125368,138,5;
125422,139,6;
125481,139,5;
125550,138,6;
125599,138,5;
125659,137,6;
125720,136,7;
125769,137,4;
125839,135,5;
125889,135,4;
125949,134,4;
126008,135,5;
126067,134,4;
126117,134,4;
126187,134,4;
126237,135,4;
126296,134,4;
126356,135,4;
126416,135,4;
126478,135,4;
126525,134,4;
126586,134,4;
126643,134,4;
126705,134,4;
126764,133,4;
126823,134,4;
126882,134,4;
126933,133,4;
126993,134,4;
127062,134,4;
127109,134,4;
127172,134,4;
127231,133,4;
127282,133,4;
127351,134,4;
127400,133,4;
127460,133,7;
127519,132,4;
126574,133,4;
127629,133,4;
127690,133,4;
127749,132,4;
127809,132,4;
127868,132,4;
127927,132,4;
127977,132,4;
128044,132,4;
128096,132,4;
128156,132,4;
128217,133,4;
128276,132,4;
128335,133,4;
128385,132,4;
128455,132,4;
128504,132,4;
128565,132,4;
128624,132,4;
128684,135,4;
128734,132,4;
128794,134,4;
128862,133,4;
128912,132,4;
128972,135,4;
129032,134,4;
129091,132,3;
129142,134,3;
129214,132,3;
129271,132,4;
129320,133,4;
129379,133,4;
129440,132,4;
129488,133,4;
129550,133,4;
129609,133,4;
129669,136,4;
129738,134,4;
129788,133,4;
129837,135,4;
129907,134,4;
129957,133,4;
130017,133,4;
130077,134,4;
130136,132,5;
130195,133,4;
130245,133,4;
130315,132,4;
130365,132,4;
130425,132,4;
130483,132,4;
130544,133,4;
130593,132,4;
130663,133,4;
130712,133,4;
130774,134,4;
130833,133,4;
130892,130,5;
130951,131,6;
131001,134,7;
131071,138,8;
131121,140,9;
131190,140,10;
131237,140,10;
131300,138,9;
131350,137,9;
131419,137,10;
131468,137,9;
131529,137,10;
131588,136,10;
131647,137,10;
131707,136,9;
131757,136,9;
131827,136,9;
131875,136,9;
131937,136,9;
131996,137,9;
132056,137,9;
132106,136,9;
132175,137,9;
132224,137,9;
132285,137,9;
132344,137,9;
132405,137,9;
132454,137,9;
132514,137,9;
132583,138,9;
132627,138,9;
132693,138,9;
132752,138,9;
132811,138,9;
132861,138,9;
132922,138,9;
132990,138,9;
133039,138,9;
133100,138,9;
133160,138,9;
133209,138,9;
133280,137,9;
133328,138,9;
133388,138,9;
133449,138,9;
133508,138,9;
133567,138,9;
133618,137,9;
133687,138,9;
133736,139,9;
133796,139,10;
133855,135,10;
133915,128,11;
133965,125,11;
134026,124,12;
134085,124,13;
134145,126,14;
134204,129,14;
134263,129,14;
134323,128,14;
134373,127,15;
134443,127,15;
134491,127,15;
134553,126,15;
134612,126,15;
134671,125,15;
134721,124,16;
134791,121,16;
134840,120,17;
134901,121,18;
134961,125,19;
135020,127,20;
135069,126,19;
135130,124,19;
135200,122,19;
135248,123,19;
135308,123,18;
135367,123,18;
135427,124,17;
135487,125,16;
135538,125,16;
135597,126,16;
135666,126,16;
135717,126,16;
135770,126,17;
135832,125,18;
135885,124,19;
135946,123,19;
136003,123,19;
136067,123,18;
136124,121,17;
136184,121,17;
136233,121,17;
136294,121,17;
136353,120,17;
136413,120,18;
136465,120,18;
136529,120,18;
136581,119,18;
136643,119,18;
136695,119,18;
136771,118,17;
136817,118,17;
136881,117,17;
136941,117,17;
136988,116,17;
137060,116,18;
137102,116,18;
137164,115,19;
137228,115,19;
137288,115,19;
137344,114,19;
137407,113,19;
137457,112,20;
137510,112,20;
137576,111,21;
137637,111,22;
137695,112,22;
137755,112,23;
137813,113,24;
137865,113,25;
137924,114,25;
137979,114,26;
138044,114,26;
138094,114,26;
138164,114,26;
138222,114,26;
138273,114,26;
138334,114,26;
138393,114,26;
138441,113,26;
138503,113,26;
138559,113,27;
138622,113,27;
138682,114,27;
138741,114,26;
138800,113,26;
138850,112,25;
138920,111,24;
138969,111,24;
139039,111,23;
139085,111,22;
139149,111,22;
139203,112,22;
139258,113,21;
139326,113,21;
139378,113,21;
139437,113,21;
139498,113,22;
139557,113,22;
139615,113,22;
139676,113,22;
139725,112,22;
139786,113,22;
139845,112,22;
139905,112,22;
139961,113,22;
140025,113,22;
140073,113,22;
140133,113,22;
140194,113,22;
140253,113,22;
140302,113,22;
140362,114,22;
140423,114,22;
140482,113,22;
140542,113,22;
140601,113,22;
140661,113,22;
140710,113,22;
140777,113,22;
140837,113,22;
140889,114,22;
140949,113,22;
141009,113,22;
141065,113,22;
141118,113,22;
141178,113,22;
141238,113,22;
141298,113,22;
141357,113,22;
141417,112,22;
141466,113,22;
141527,113,22;
141586,113,22;
141646,113,22;
141705,114,22;
141765,113,22;
141814,114,22;
141884,114,22;
141933,113,22;
141994,113,22;
142053,113,22;
142113,114,22;
142173,114,22;
142222,113,23;
142282,113,23;
142343,113,23;
142402,113,23;
142462,113,23;
142512,113,23;
141570,113,23;
142636,113,23;
142688,113,23;
142749,113,23;
142809,113,23;
142870,112,23;
142918,112,23;
142990,113,23;
143037,113,23;
143098,112,23;
143155,112,23;
143216,112,24;
143277,113,23;
143326,113,24;
143387,113,24;
143446,113,23;
143505,113,23;
143565,113,23;
143626,113,23;
143674,113,23;
143744,113,23;
143790,113,23;
143854,113,23;
143914,113,23;
143973,113,23;
144031,113,23;
144081,113,23;
144143,113,23;
144211,113,23;
144261,113,23;
144321,113,23;
144381,113,23;
144430,113,23;
144500,113,23;
144546,113,23;
144609,114,23;
144669,114,23;
144729,114,23;
144785,114,23;
144838,114,23;
144899,114,23;
144958,114,23;
145017,113,23;
145076,113,23;
145136,113,23;
145186,113,23;
145255,113,23;
145305,113,23;
145375,113,24;
145423,113,23;
145484,113,24;
145533,113,24;
145595,113,23;
145665,113,24;
145713,113,24;
145774,113,23;
145833,113,23;
145893,113,23;
145942,113,23;
146002,113,24;
146062,113,23;
146122,113,24;
146182,113,24;
146241,113,24;
146290,113,24;
146360,113,24;
146418,113,24;
146469,113,24;
146529,113,24;
146589,113,24;
146659,113,24;
146705,113,24;
146758,113,24;
146817,113,24;
146887,113,24;
146937,113,25;
146997,114,24;
147046,114,24;
147106,113,24;
147166,114,24;
147226,114,25;
147285,114,25;
147344,114,25;
147404,114,25;
147454,114,25;
147524,114,25;
146573,114,25;
147634,114,25;
147693,113,25;
147753,113,25;
147800,113,25;
147862,113,24;
147922,113,24;
147982,113,25;
148040,113,24;
148099,113,24;
148150,113,24;
148211,113,24;
148280,113,24;
148326,113,24;
148390,113,24;
148450,113,24;
148509,113,24;
147569,113,24;
148618,113,24;
148678,113,24;
148738,113,24;
148797,113,24;
148849,113,24;
