Mon Dec 19 20:22:11 2011

4162,1,45;
4762,637,157;
4830,614,156;
4965,580,151;
6355,1,45;
8359,43,108;
8420,85,172;
8491,43,109;
8552,82,175;
8624,66,176;
8684,65,177;
8756,67,177;
8818,65,175;
8888,64,175;
8959,74,159;
9020,63,172;
9082,64,171;
9154,65,167;
9224,65,161;
9295,64,166;
9352,64,168;
9417,68,160;
9479,69,163;
9549,70,164;
9617,71,162;
9680,72,159;
9752,71,161;
9824,74,159;
9884,73,156;
9956,79,158;
10017,66,145;
10089,68,155;
10150,81,157;
10220,71,155;
10280,75,155;
10352,67,157;
10422,63,149;
10484,67,160;
10555,66,159;
10617,68,150;
10677,61,138;
10739,63,139;
10809,66,161;
10891,68,158;
10940,74,154;
11014,74,152;
11073,76,149;
11145,75,152;
11206,69,158;
11287,71,155;
11344,79,149;
11409,64,130;
11481,68,156;
11549,67,161;
11602,70,158;
11684,74,145;
11734,70,158;
11812,72,156;
11878,72,154;
11948,68,157;
12019,69,161;
12079,71,155;
12140,72,153;
12213,69,156;
12274,69,158;
12345,68,163;
12416,72,155;
12466,70,158;
12545,70,160;
12599,70,156;
12667,67,162;
12742,69,159;
12801,69,158;
12873,69,157;
12933,67,155;
13005,72,157;
13076,70,150;
13136,71,160;
13737,1,45;
14214,93,169;
14275,93,169;
14337,94,169;
14397,91,167;
14461,92,169;
14529,94,169;
14611,88,163;
14662,84,169;
14743,84,165;
14792,80,163;
14864,78,161;
14936,80,164;
14996,77,169;
15068,75,169;
15130,80,164;
15201,73,169;
15272,80,159;
15332,73,169;
15402,83,144;
15464,78,164;
15535,72,171;
15596,73,165;
15667,81,148;
15728,73,164;
15801,63,136;
15933,74,175;
16078,83,147;
57538,638,151;
57608,630,149;
57670,617,150;
57737,600,153;
57803,592,153;
57873,582,153;
57943,570,153;
58005,556,154;
58066,542,155;
58138,521,153;
58206,511,153;
58268,493,152;
62061,64,332;
62253,58,329;
62324,70,330;
62849,69,315;
62924,60,313;
62995,55,312;
63128,59,312;
63259,52,314;
63523,50,319;
63656,71,308;
63727,70,310;
63789,71,310;
63848,71,310;
63920,71,310;
63991,69,312;
64053,70,312;
64123,70,312;
64185,71,312;
64255,70,312;
64317,71,312;
64378,69,313;
64450,69,313;
64520,70,312;
64581,70,312;
64713,68,313;
64788,69,311;
64856,69,312;
64978,69,312;
65120,65,316;
65181,69,313;
65322,68,313;
65380,69,313;
65455,67,315;
65527,67,314;
65577,67,315;
65649,65,316;
65782,65,315;
66045,67,313;
66107,67,313;
66310,67,313;
66574,65,315;
66910,67,312;
67509,67,313;
67642,66,313;
67711,67,312;
67773,66,314;
67833,67,314;
67976,56,318;
68098,66,313;
68241,69,311;
68367,69,312;
68434,69,311;
68505,69,312;
68566,70,309;
68637,69,312;
68830,68,311;
68972,68,311;
69043,69,309;
69296,68,311;
69369,69,310;
69426,69,310;
69502,71,308;
69562,69,311;
69633,63,312;
69704,71,308;
69766,71,309;
69836,71,309;
69897,71,308;
69968,71,308;
70030,69,310;
70101,70,309;
70233,71,308;
70294,70,309;
70496,50,321;
69568,70,309;
70761,70,309;
70832,71,308;
70891,71,308;
71026,70,309;
71097,71,308;
71158,71,308;
71229,72,307;
71300,72,307;
71361,71,308;
71432,72,307;
71626,70,309;
71696,71,309;
71828,66,310;
71899,72,307;
72022,71,309;
72236,72,307;
72295,72,307;
72357,70,308;
72428,70,308;
72489,72,306;
72559,71,307;
72622,69,309;
72692,71,307;
72762,70,308;
72825,68,311;
72895,71,307;
72960,68,310;
73019,72,307;
73099,69,309;
73221,70,308;
73293,65,309;
73426,70,307;
73494,68,309;
73566,69,309;
73618,71,307;
73689,71,308;
73751,69,308;
73831,68,310;
73891,70,309;
73963,70,309;
74025,70,309;
74095,70,309;
74157,70,309;
74218,69,310;
74289,69,309;
74360,72,308;
74422,69,311;
74490,69,311;
74554,71,309;
74624,60,315;
74687,71,309;
74754,72,309;
75092,71,309;
75154,71,309;
75214,73,307;
75285,75,306;
75741,70,309;
75824,72,308;
75874,73,308;
75945,73,308;
76017,73,307;
76078,72,307;
76149,71,310;
76210,72,307;
76281,72,307;
76342,73,306;
76413,74,306;
76484,72,309;
76546,71,308;
76616,74,306;
76678,73,306;
76747,73,306;
76891,73,307;
77013,73,306;
77073,65,310;
77217,73,306;
77277,72,307;
77349,71,306;
77408,73,305;
77541,70,307;
77613,71,307;
77672,70,307;
77755,70,307;
77806,66,311;
77877,70,308;
77937,60,313;
78009,64,311;
78079,69,308;
78141,65,313;
78202,69,309;
78273,68,310;
78333,71,308;
78443,69,309;
78510,70,309;
78562,68,309;
78622,67,309;
78681,68,309;
78741,69,307;
78861,62,322;
78905,72,306;
79785,36,176;
79904,45,221;
79964,68,309;
80014,55,255;
80074,67,310;
80142,67,310;
80192,66,310;
80312,1,45;
80601,1,45;
80721,66,309;
80840,1,45;
80889,67,310;
80948,66,310;
81008,1,45;
81128,65,310;
81185,1,45;
81358,66,310;
81476,66,310;
81526,66,310;
81592,65,310;
81645,65,310;
81715,35,176;
81825,65,310;
81874,66,310;
81944,63,311;
81994,68,308;
82063,64,311;
82172,66,309;
82232,1,45;
82342,64,311;
82412,1,45;
82460,44,221;
82581,65,310;
82691,65,310;
82759,51,258;
82809,65,310;
83048,63,312;
83108,54,266;
83157,65,310;
83218,66,310;
83337,69,308;
83456,66,310;
83514,33,177;
83565,237,182;
83624,455,43;
83684,1,45;
83755,1,45;
83804,44,221;
83854,438,43;
83980,143,257;
84033,266,175;
84093,471,43;
84142,335,120;
84261,66,310;
84331,64,312;
84380,264,172;
84440,234,192;
84490,322,38;
84611,66,310;
84730,471,41;
84789,66,310;
84846,268,176;
84898,215,149;
84968,245,173;
85085,67,310;
85137,129,266;
85198,320,132;
85256,317,132;
85306,287,110;
85366,1,45;
85435,66,311;
85486,66,311;
85545,70,308;
85605,363,91;
85655,450,42;
85715,409,56;
85774,361,106;
85834,457,42;
85893,192,221;
85953,439,42;
86013,412,69;
86069,428,55;
86129,351,107;
86181,331,116;
86251,382,68;
86301,350,87;
86361,407,43;
86415,384,70;
86481,303,81;
86539,284,88;
86600,415,43;
86649,356,87;
86709,353,91;
86766,406,60;
86823,399,43;
86877,403,43;
86938,404,62;
86994,347,81;
87057,392,73;
87107,307,84;
87176,434,42;
87227,308,131;
87286,428,43;
87346,429,43;
87405,246,176;
87464,419,42;
87524,328,109;
87582,240,175;
87641,57,264;
87700,239,176;
87752,297,132;
87813,415,43;
87872,275,149;
87932,312,43;
87982,362,87;
88051,333,109;
88102,225,110;
88161,240,175;
88221,240,176;
88280,243,176;
88339,343,96;
88390,312,43;
88460,240,177;
88503,324,109;
88579,409,42;
88626,249,43;
88689,312,131;
88738,401,72;
88807,355,96;
88856,425,43;
88917,425,43;
88977,334,109;
89036,246,177;
89096,349,102;
89146,323,123;
89216,433,43;
89274,390,76;
89325,288,110;
89384,344,110;
89444,390,43;
89494,441,43;
89564,442,43;
89613,440,43;
89673,387,78;
89733,246,176;
89792,364,43;
89852,371,43;
89902,356,96;
89968,333,116;
90021,437,43;
90082,440,43;
90141,361,96;
90200,376,79;
90250,326,91;
90316,431,41;
90369,379,80;
90430,391,76;
90489,315,131;
90547,333,119;
90598,437,43;
90665,421,38;
90729,341,110;
90786,413,36;
90837,320,111;
90897,300,128;
90956,312,132;
91006,251,177;
91074,346,109;
91124,420,43;
91186,423,43;
91254,280,149;
91302,428,43;
91362,258,141;
91422,339,110;
91473,338,110;
91544,335,76;
91593,354,102;
91653,323,123;
91713,364,87;
91762,244,175;
91828,422,43;
91881,240,178;
91951,362,87;
91998,428,43;
92060,322,119;
92110,332,110;
92177,305,132;
92229,426,43;
92290,337,110;
92349,386,81;
92408,355,94;
92468,386,70;
92528,378,87;
92578,437,43;
92638,436,43;
92707,437,43;
92753,439,43;
92816,343,109;
92866,312,132;
92933,438,43;
92985,438,43;
93045,438,43;
93105,364,96;
93165,358,70;
93221,436,43;
93275,384,80;
93341,331,119;
93393,342,109;
93453,433,43;
93513,346,109;
92573,389,43;
93633,375,43;
93692,432,43;
93741,432,43;
93802,380,81;
93861,430,43;
93920,291,116;
93970,417,43;
94037,378,72;
94089,157,244;
94159,393,58;
94209,333,110;
94269,271,158;
94328,376,81;
94378,383,70;
94445,274,158;
94497,361,96;
94558,436,43;
94617,437,43;
94676,439,43;
94735,437,42;
94786,366,97;
94846,446,43;
94915,443,43;
94962,399,72;
95024,440,42;
95084,439,42;
95134,298,116;
95201,439,42;
95253,441,43;
95313,441,43;
95372,443,43;
95432,448,43;
95482,450,43;
95548,452,43;
95601,454,43;
95671,456,43;
95718,328,132;
95780,457,42;
95830,459,43;
95897,328,132;
95960,327,132;
96007,369,102;
96069,408,76;
96138,398,43;
96186,374,96;
96238,316,114;
96308,405,43;
96355,445,43;
96417,405,69;
96477,340,115;
96536,291,150;
96586,439,42;
96656,438,43;
96705,438,43;
96765,436,42;
96826,435,43;
96885,436,43;
96944,439,43;
96993,383,81;
97064,383,81;
97111,373,87;
97174,374,43;
97233,390,76;
97292,440,43;
97342,345,110;
97409,440,43;
97461,440,43;
97521,385,81;
97581,438,43;
97640,437,42;
97700,439,43;
97750,436,43;
97817,437,43;
97869,382,81;
97930,227,192;
97989,365,88;
98049,388,67;
98098,413,43;
98165,430,44;
98217,411,44;
98287,65,311;
98513,65,311;
98686,33,178;
98745,33,178;
98804,65,311;
98914,406,45;
98974,1,45;
99043,65,311;
99442,1,45;
99510,64,312;
99616,65,311;
100077,0,44;
100196,461,49;
100316,66,311;
100376,0,44;
100426,66,311;
100495,61,315;
100545,66,311;
100605,66,311;
100714,69,309;
101599,67,311;
101708,262,179;
101768,68,311;
101937,62,315;
101997,71,308;
102057,68,310;
102117,66,312;
102177,257,180;
102415,378,102;
102466,455,50;
102525,455,50;
101574,452,50;
102644,450,50;
102693,353,115;
102753,448,50;
102812,338,124;
102872,451,50;
102932,451,50;
102982,452,50;
103101,69,309;
103221,407,44;
103281,299,133;
103400,185,222;
103449,428,44;
103510,380,70;
102569,385,43;
103628,286,144;
103678,210,205;
103745,430,44;
103809,419,44;
103867,165,236;
103917,411,44;
103976,357,92;
104035,426,44;
104095,65,312;
104146,65,312;
104264,65,311;
104386,65,312;
104434,64,312;
104500,64,312;
104609,64,312;
104675,64,312;
104793,64,312;
104961,60,315;
105021,64,312;
105190,65,311;
105309,64,312;
105379,163,245;
105488,240,176;
105549,435,43;
105668,399,69;
105727,204,212;
105776,366,96;
105836,438,43;
105895,313,132;
105956,366,91;
106016,433,43;
106064,251,175;
106126,64,312;
106185,65,311;
106245,437,49;
106354,461,49;
106421,329,137;
106474,298,156;
106534,377,102;
106593,392,87;
106653,441,50;
106702,442,50;
106768,395,83;
106821,205,214;
106891,369,102;
106940,450,49;
107000,63,313;
107110,65,312;
107169,223,47;
107239,44,222;
107408,65,312;
107465,65,311;
107528,65,312;
107576,64,312;
107697,412,43;
107757,65,311;
107866,66,311;
107987,66,312;
108343,238,192;
108393,69,309;
108452,394,66;
108561,382,63;
108629,66,311;
108742,60,315;
108801,63,313;
108910,64,313;
108977,49,244;
109030,65,312;
109208,65,312;
109318,63,312;
109384,65,311;
109437,65,311;
109736,64,312;
109846,67,310;
109915,66,311;
110025,66,311;
110142,64,313;
110253,1,45;
110312,66,311;
110482,68,310;
110660,66,311;
110947,67,310;
111009,68,310;
111069,68,310;
111128,34,178;
111188,69,310;
111248,66,312;
111306,66,312;
111415,114,73;
111476,68,311;
111526,102,132;
111646,229,147;
111934,122,73;
112123,66,311;
112172,69,310;
112233,62,314;
112285,68,310;
112396,69,310;
112461,67,310;
112580,68,310;
112760,494,94;
113038,66,311;
113108,66,311;
113564,64,312;
113625,65,311;
113744,65,311;
113794,64,312;
113855,66,311;
113971,64,312;
114212,63,313;
114322,64,312;
114382,1,45;
114550,64,312;
114678,66,311;
114728,66,311;
114898,0,44;
115147,66,311;
115196,66,311;
115376,274,187;
115424,66,310;
115486,67,309;
115724,65,310;
115833,66,309;
116023,65,309;
116251,65,309;
116361,169,243;
116420,275,177;
116470,382,112;
116658,300,154;
116708,326,42;
116818,265,171;
116937,496,41;
116998,66,309;
117056,502,41;
117116,203,220;
117166,490,36;
117227,310,142;
117286,1,45;
117346,483,33;
117405,279,174;
117462,208,220;
117584,471,28;
117634,306,141;
117693,274,170;
117753,317,142;
117812,487,31;
117874,286,172;
117922,312,140;
117992,207,215;
118040,473,28;
118102,476,29;
118161,475,28;
118221,477,28;
118270,486,30;
118336,510,37;
118389,472,28;
118449,487,31;
118565,485,31;
118687,362,34;
118738,500,36;
118807,472,29;
118856,497,36;
118927,494,35;
119025,481,32;
119096,0,44;
119143,465,28;
119265,471,28;
119324,298,59;
119434,476,29;
119501,470,28;
119553,474,28;
119614,470,28;
119672,474,29;
119732,384,44;
119782,475,30;
119842,462,28;
119911,464,28;
119961,477,30;
120020,466,28;
120081,464,28;
120191,1,45;
120259,500,36;
120307,498,36;
120369,496,36;
120429,492,35;
120488,490,35;
120538,492,36;
120608,490,35;
120657,490,35;
120717,490,36;
120836,490,36;
120953,484,35;
121005,491,37;
121065,485,35;
121184,479,35;
121244,475,36;
121533,1,45;
121642,571,27;
121881,572,30;
122120,552,35;
122289,552,35;
122348,553,35;
122706,559,35;
122753,549,35;
122816,550,35;
124148,0,44;
124438,512,62;
125482,100,88;
126357,480,35;
126643,512,27;
126705,505,28;
126883,494,28;
126934,502,28;
126994,497,29;
127461,462,34;
127928,469,35;
128277,525,35;
128335,497,35;
128386,505,35;
128456,498,35;
128505,502,36;
128565,505,36;
129380,1,45;
129610,514,43;
129739,513,43;
129838,503,43;
129958,505,43;
130018,506,43;
130196,330,43;
130246,495,43;
130316,244,43;
130365,326,43;
130425,488,42;
130594,473,39;
130664,454,36;
130713,459,36;
130775,466,36;
130834,475,37;
130893,464,36;
130952,463,36;
131002,463,35;
131072,468,36;
131121,465,35;
131191,465,35;
131237,470,36;
131300,492,40;
131350,487,37;
131420,504,42;
131469,483,37;
131529,476,35;
131589,477,36;
131648,485,37;
131708,486,37;
131758,473,35;
131828,476,35;
131875,478,35;
131937,492,39;
131997,238,39;
132056,506,43;
132176,504,42;
132225,502,41;
132285,490,37;
132345,486,36;
132454,479,35;
132515,478,35;
132584,482,36;
132627,478,35;
132694,479,35;
132753,481,35;
132862,490,35;
132923,502,37;
133040,500,36;
133100,504,36;
133160,504,35;
133281,505,35;
133329,507,35;
133389,512,36;
133449,512,36;
133509,512,36;
133855,502,35;
134027,506,36;
134146,502,35;
134205,508,36;
134264,505,35;
134553,502,35;
134722,498,35;
134841,493,35;
134901,330,38;
135069,432,48;
135131,477,35;
135200,435,46;
135249,476,36;
135309,435,47;
135368,405,53;
135488,143,125;
135538,505,43;
135598,473,36;
135667,469,36;
135718,402,53;
135770,469,35;
135832,483,35;
135886,495,35;
135946,379,65;
136004,448,46;
136068,487,35;
136124,486,35;
136184,480,35;
136234,424,41;
136295,480,35;
136354,459,41;
136414,482,35;
136466,481,35;
136529,484,35;
136582,443,45;
136644,478,35;
136696,454,41;
136771,429,48;
136818,414,53;
136882,475,36;
136941,433,45;
136989,466,36;
137060,462,36;
137103,463,36;
137164,399,53;
137229,429,45;
137289,464,36;
137344,464,36;
137407,468,36;
137457,475,36;
137510,450,42;
137577,476,35;
137637,482,35;
137696,483,35;
137756,490,35;
137813,421,53;
137866,422,53;
137924,376,65;
137979,491,35;
138045,441,48;
138095,480,35;
138164,406,58;
138274,501,35;
138334,143,125;
138622,143,125;
138741,443,48;
138801,437,47;
138850,482,35;
138920,456,40;
138970,475,35;
139039,485,36;
139086,483,36;
139149,478,36;
139204,477,36;
139259,470,36;
139327,465,36;
139379,397,53;
139438,143,125;
139557,489,40;
139616,461,36;
139677,481,38;
139726,469,36;
139786,473,37;
139846,345,67;
139905,469,36;
139962,469,35;
140026,476,35;
140073,481,35;
140134,315,80;
140194,325,82;
140253,143,125;
140363,1,45;
140424,497,36;
140542,144,125;
140661,456,29;
140778,455,28;
140837,466,29;
140890,460,28;
140949,477,31;
141065,143,125;
141119,463,28;
141178,460,28;
141238,415,41;
141298,459,28;
141358,413,41;
141417,457,28;
141467,464,29;
141527,420,40;
141586,417,42;
141646,463,28;
141705,470,29;
141765,473,29;
141815,467,28;
141884,469,28;
141933,467,27;
141994,432,38;
142053,474,29;
142114,415,44;
142174,471,27;
142222,485,30;
142283,394,52;
142343,476,27;
142402,395,52;
142513,417,47;
141571,482,27;
142637,480,27;
142689,480,28;
142750,475,28;
142810,470,27;
142870,473,28;
142918,388,52;
142991,364,60;
143038,489,31;
143098,416,48;
143156,479,28;
143217,143,125;
143278,143,125;
143326,387,48;
143387,458,21;
143446,456,21;
143505,456,21;
143565,456,21;
143626,454,20;
143674,447,20;
143745,144,125;
143791,463,29;
143855,476,37;
144032,145,125;
144082,450,41;
144143,449,44;
144261,462,59;
144547,245,71;
144609,428,62;
144669,425,62;
144729,355,77;
144785,421,60;
144839,412,56;
144899,420,58;
144958,0,44;
145018,404,49;
145077,423,54;
145136,416,49;
145186,402,43;
145256,408,43;
145306,420,43;
145375,426,43;
145423,1,45;
145534,394,35;
145595,406,35;
145665,417,35;
145713,428,35;
146003,374,48;
146062,408,28;
146122,419,28;
146182,398,36;
146241,432,28;
146291,431,28;
146360,430,28;
146419,433,28;
146470,432,28;
146529,428,28;
146589,425,28;
146659,389,40;
146706,415,28;
146759,431,29;
146817,423,29;
146887,382,42;
146937,424,29;
147046,414,28;
147107,406,34;
147166,435,28;
147226,440,28;
147285,440,28;
147345,437,28;
147405,435,28;
147454,430,27;
147524,432,28;
146573,430,28;
147634,432,28;
147693,434,28;
147753,434,28;
147801,436,28;
147863,438,28;
147922,438,28;
147982,438,27;
148041,365,52;
148100,441,28;
148151,441,28;
148212,341,60;
148280,440,28;
148326,439,28;
148450,318,66;
148510,435,28;
147569,434,28;
148798,430,28;
148850,430,28;
148907,335,60;
148977,429,28;
