Mon Dec 19 20:39:42 2011

807,311,70;
852,315,69;
932,313,69;
979,315,69;
1031,317,67;
1085,316,67;
1133,316,67;
1176,316,67;
1232,316,67;
1280,316,67;
1331,316,67;
1388,316,66;
1437,317,67;
1485,317,67;
1529,317,66;
1582,317,67;
1628,317,66;
1679,316,66;
1726,317,66;
1784,317,66;
1829,317,66;
1882,317,66;
1927,317,66;
1978,317,66;
2025,318,66;
2074,317,65;
2135,317,66;
2184,317,66;
2227,318,66;
2276,317,66;
2328,317,66;
2372,317,66;
2433,318,66;
2481,317,66;
2529,318,66;
2575,318,66;
2635,317,66;
2684,317,66;
2732,317,67;
2781,318,66;
2826,317,66;
2876,317,66;
2922,317,67;
2984,317,67;
3029,317,67;
3075,317,67;
3128,318,67;
3174,317,67;
3227,317,67;
3271,317,68;
3320,318,68;
3369,317,69;
3426,317,69;
3479,317,69;
3526,317,69;
3570,317,69;
3618,317,69;
3675,317,69;
3729,317,70;
3775,317,70;
3824,317,70;
3872,317,69;
3924,316,70;
3970,316,70;
4024,317,70;
4073,316,70;
4123,317,70;
4174,317,70;
4216,316,70;
4279,316,70;
4325,317,70;
4373,316,70;
4422,316,70;
4462,317,70;
4520,317,70;
4575,316,70;
4631,316,70;
4676,317,70;
4721,316,70;
4773,317,69;
4823,316,70;
4869,316,70;
4917,316,70;
4976,316,69;
5023,316,69;
5066,317,69;
5111,317,69;
5167,316,69;
5218,317,69;
5268,316,69;
5325,317,69;
5372,317,69;
5420,317,69;
5470,317,69;
5516,316,69;
5566,317,69;
5621,316,69;
5663,316,69;
5711,317,70;
5767,317,70;
5818,316,69;
5863,317,70;
5910,317,69;
5960,316,69;
6011,316,69;
6059,316,69;
6114,316,70;
6174,316,70;
6220,316,70;
6271,316,69;
6319,316,70;
6368,316,69;
6418,316,70;
6466,316,70;
6510,316,70;
6561,316,70;
6609,316,70;
6668,316,70;
6716,316,70;
6762,316,70;
6812,316,70;
6861,316,70;
6910,316,70;
6958,316,70;
7010,316,70;
7065,316,70;
7111,316,70;
7161,316,69;
7207,315,70;
7264,315,70;
7308,316,70;
7355,316,70;
7412,316,70;
7462,316,70;
7512,316,70;
7555,316,70;
7607,316,70;
7663,316,70;
7708,315,69;
7761,316,70;
7809,316,70;
7858,316,70;
7906,316,70;
7970,316,70;
8014,316,70;
8058,316,70;
8103,316,70;
8157,316,70;
8203,316,70;
8262,316,69;
8303,316,70;
8359,316,70;
8407,316,70;
8466,316,70;
8506,316,70;
8554,316,70;
8611,316,70;
8669,316,70;
8721,317,70;
8767,316,70;
8817,316,70;
8860,316,70;
8900,316,70;
8958,316,70;
9009,316,70;
9057,316,69;
9104,316,70;
9155,316,70;
9210,316,70;
9260,316,70;
9306,317,70;
9359,316,70;
9405,316,70;
9454,316,70;
9502,316,70;
9551,316,70;
9611,317,70;
9656,316,70;
9716,316,70;
9764,316,70;
9811,316,70;
9851,317,70;
9897,316,70;
9954,316,70;
10005,316,70;
10054,316,70;
10100,316,70;
10160,316,70;
10207,316,70;
10256,317,70;
10301,316,70;
10354,316,70;
10401,316,70;
10449,316,70;
10496,316,70;
10547,316,70;
10598,316,70;
10657,317,70;
10701,316,69;
10748,317,70;
10798,316,70;
10847,314,69;
10907,312,70;
10949,311,71;
11000,310,73;
11046,310,74;
11097,310,74;
11156,309,75;
11202,309,75;
11249,309,76;
11297,310,77;
11352,309,79;
11399,310,79;
11445,310,80;
11500,309,81;
11553,310,82;
11602,309,83;
11649,310,84;
11697,309,85;
11748,309,86;
11804,309,87;
11854,309,87;
11900,309,88;
11940,310,88;
11995,310,88;
12044,310,88;
12108,310,88;
12151,310,87;
12192,310,86;
12243,309,85;
12299,308,83;
12346,308,81;
12392,309,78;
12443,309,75;
12497,310,73;
12546,311,71;
12593,312,69;
12647,314,67;
12692,313,66;
12743,313,66;
12803,312,66;
12848,311,66;
12888,310,67;
12943,310,67;
12994,311,67;
13051,311,66;
13090,312,67;
13136,311,66;
13194,311,67;
13244,311,66;
13287,312,66;
13341,312,67;
13389,312,68;
13438,312,68;
13486,312,69;
13555,313,68;
13595,313,69;
13641,313,69;
13690,313,69;
13739,313,70;
13782,312,70;
13846,312,70;
13893,312,70;
13938,312,70;
12989,312,70;
14043,313,70;
14090,314,71;
14132,315,73;
14193,316,76;
14240,316,79;
14288,316,83;
14341,317,85;
14389,318,87;
14445,318,88;
14493,318,89;
14540,318,89;
14585,317,90;
14635,317,90;
14687,317,90;
14736,318,90;
14782,320,90;
14841,320,90;
14888,321,89;
14939,320,88;
14983,321,87;
15034,321,85;
15091,320,85;
15139,319,84;
15187,318,84;
15234,319,84;
15282,318,85;
15329,318,85;
15387,318,85;
15434,318,86;
15479,318,85;
15535,317,86;
15578,317,86;
15636,317,87;
15681,317,87;
15739,316,87;
15783,316,88;
15837,316,89;
15886,315,89;
15928,315,89;
15981,314,89;
16037,314,89;
16076,314,89;
16134,314,89;
16183,314,89;
16231,314,89;
16279,314,89;
16333,313,90;
16388,314,89;
16435,314,90;
16476,314,90;
16529,313,90;
16580,313,90;
16629,313,90;
16676,313,90;
16726,313,90;
16787,311,89;
16833,312,88;
16878,310,86;
16929,309,84;
16976,308,83;
17034,308,82;
17076,308,81;
17132,308,80;
17177,308,79;
17233,308,80;
17276,309,80;
17323,308,80;
17372,308,80;
17424,309,80;
17482,309,80;
17528,309,81;
17577,308,81;
17625,308,81;
17683,308,81;
17729,309,81;
17778,308,81;
17826,308,80;
17878,308,80;
17938,308,80;
17982,309,80;
18032,309,82;
18072,308,83;
18132,309,84;
18177,310,86;
18222,311,86;
18272,312,87;
18323,312,87;
18370,312,86;
18425,313,87;
18467,312,87;
18525,312,87;
18573,312,86;
18632,312,85;
18680,313,85;
18724,315,84;
18769,315,84;
18825,315,84;
18873,316,84;
18921,315,85;
18969,316,85;
19019,316,85;
19067,317,85;
19122,318,85;
19184,319,85;
19232,319,85;
19277,321,85;
19318,321,85;
19377,320,86;
19425,321,86;
19472,320,86;
19519,320,87;
19569,321,88;
19627,321,88;
19667,321,90;
19725,321,92;
19770,320,94;
19821,319,97;
19862,319,98;
19927,320,100;
19967,320,101;
20014,319,102;
20072,319,104;
20118,319,104;
20171,319,104;
20214,319,104;
20267,318,104;
20313,319,103;
20374,318,102;
20421,317,99;
20469,316,95;
20512,311,89;
20563,314,84;
20624,313,79;
20666,312,74;
20718,310,70;
20763,312,67;
20821,312,66;
20868,311,65;
20913,311,66;
20961,312,66;
21018,313,69;
21066,314,70;
21115,315,72;
21165,314,75;
21215,314,75;
21258,313,76;
21310,313,77;
21368,311,77;
21416,311,77;
21464,311,77;
21515,312,78;
21561,313,81;
21611,312,82;
21668,310,83;
21706,309,84;
21757,309,86;
21812,308,86;
21861,308,85;
21910,306,83;
21964,304,81;
22017,305,78;
22061,305,75;
22118,304,72;
22162,305,69;
22210,305,67;
22257,304,65;
22316,302,63;
22361,300,60;
22404,297,57;
22461,295,53;
22507,292,49;
22558,289,46;
22616,285,41;
22656,286,37;
22711,287,36;
22759,288,33;
22806,290,33;
22858,292,32;
22915,292,28;
22954,292,26;
23012,296,24;
23059,298,25;
23111,295,22;
23157,289,21;
23205,280,17;
23254,269,14;
23314,260,11;
23363,247,7;
23408,238,7;
23456,232,1;
23509,214,109;
23562,167,130;
23612,220,177;
23660,220,177;
23712,220,176;
23756,219,177;
23802,188,4;
23854,189,9;
23902,187,4;
23970,186,8;
24017,184,7;
24057,181,10;
24106,175,9;
24153,168,9;
24211,164,10;
24251,160,11;
24307,158,13;
24355,157,13;
24407,159,15;
24449,158,14;
24502,158,15;
24548,158,15;
24608,158,15;
24655,160,16;
24702,160,16;
24753,161,17;
24801,162,16;
24850,164,17;
24899,165,17;
24956,165,18;
25003,165,17;
25053,165,17;
25103,166,17;
25150,166,16;
25197,167,16;
25256,168,15;
25296,169,15;
25356,169,14;
25397,169,15;
25449,168,15;
25508,167,15;
25554,167,15;
25601,166,14;
25643,165,15;
25709,163,14;
25751,163,15;
25796,163,14;
25855,164,15;
25901,165,14;
25948,165,14;
26007,165,15;
26052,166,14;
26096,165,15;
26143,163,14;
26193,163,15;
26252,163,14;
26300,164,15;
26351,165,15;
26396,166,15;
26448,166,15;
26492,166,14;
26542,167,14;
26601,167,14;
26648,168,15;
26711,168,15;
26758,169,16;
26804,170,17;
26852,170,17;
26899,170,17;
26939,170,17;
26996,170,17;
27040,170,16;
27099,170,17;
27142,170,16;
27196,170,16;
27239,170,16;
27290,170,15;
27346,170,16;
27393,170,16;
27451,170,17;
27500,170,16;
27550,172,17;
27595,172,16;
27641,171,15;
27703,171,15;
27748,169,14;
27788,169,14;
27838,168,13;
27889,168,14;
27939,168,13;
26991,168,14;
28039,168,13;
28089,169,13;
28138,170,14;
28196,171,13;
28242,171,13;
28294,171,13;
28341,170,13;
28389,169,12;
28438,167,12;
28487,166,11;
28544,165,10;
28591,164,10;
28638,163,9;
28691,164,10;
28737,164,10;
28795,166,11;
28844,167,11;
28892,169,12;
28938,170,13;
27989,171,13;
29038,171,14;
29095,173,13;
29134,175,14;
29192,177,13;
29237,179,14;
29289,180,14;
29349,183,14;
29398,184,15;
29442,186,14;
29492,187,14;
29540,188,12;
29587,189,12;
29636,187,8;
29684,186,8;
29744,184,6;
29788,184,7;
29840,183,6;
29879,183,5;
29937,183,6;
29982,185,4;
30035,188,6;
30082,189,4;
30135,188,6;
30189,185,2;
30228,184,7;
30284,184,14;
30331,180,12;
30381,195,83;
30440,220,177;
30481,219,177;
30584,219,177;
30683,219,177;
30731,206,170;
30778,221,176;
30834,220,177;
30933,220,177;
31030,219,177;
31076,220,180;
31135,220,177;
31185,195,42;
31232,189,4;
31278,189,14;
31329,187,2;
31376,186,18;
31427,186,2;
31484,190,13;
31531,189,4;
31582,190,8;
31630,192,9;
31678,191,4;
31726,192,8;
31784,191,5;
31826,191,8;
31885,191,6;
31929,190,10;
31978,188,9;
32035,187,11;
32087,187,14;
32135,187,15;
32177,188,18;
32228,188,17;
32276,189,17;
32327,189,14;
32374,189,13;
32432,189,10;
32471,188,9;
32529,187,9;
32574,187,8;
32625,187,11;
32674,188,11;
32731,188,14;
32779,187,16;
32828,187,19;
32874,188,19;
32927,191,18;
32974,193,18;
33018,196,16;
33081,198,16;
33126,200,11;
33178,199,9;
33227,198,6;
33273,195,7;
33322,192,6;
33370,188,5;
33430,186,7;
33475,183,5;
33521,183,7;
33570,182,6;
33623,183,7;
33672,183,6;
33717,183,7;
33771,183,7;
33824,183,6;
33872,183,8;
33922,183,7;
33970,183,8;
34019,183,7;
34079,184,9;
34126,184,8;
34172,185,9;
34219,185,9;
34278,185,9;
34318,185,10;
34366,185,10;
34424,186,11;
34472,185,10;
34523,184,11;
34572,184,10;
34618,184,11;
34664,184,11;
34722,183,11;
34772,182,11;
34823,182,10;
34866,182,11;
34913,181,10;
34968,182,11;
35012,182,11;
35063,182,12;
35120,180,13;
35166,179,12;
35215,179,13;
35266,178,12;
35312,177,13;
35373,176,13;
35413,176,14;
35470,175,13;
35514,175,13;
35564,175,13;
35623,175,12;
35668,176,13;
35722,176,12;
35766,176,12;
35817,176,12;
35876,175,12;
35924,174,12;
35969,174,12;
36020,174,12;
36068,172,11;
36113,172,12;
36167,171,12;
36212,170,13;
36271,170,11;
36320,170,12;
36370,170,10;
36419,172,9;
36461,175,10;
36512,182,8;
36562,186,11;
36607,189,7;
36668,191,9;
36711,192,4;
36763,197,15;
36809,189,69;
36859,220,176;
36911,220,177;
36958,220,177;
37017,219,177;
37066,220,177;
37109,220,177;
37161,220,177;
37210,210,167;
37259,219,178;
37304,220,176;
37359,209,166;
37462,219,177;
37512,176,128;
37554,219,177;
37605,116,85;
37663,219,177;
37712,220,178;
37761,220,176;
37805,219,177;
37864,219,177;
37905,219,177;
37954,220,177;
38012,207,165;
38058,220,177;
38108,199,155;
38155,220,177;
38206,220,176;
38252,219,177;
38309,170,128;
38362,219,177;
38416,178,131;
38457,219,177;
38502,220,178;
38552,220,176;
38606,219,177;
38657,196,151;
38703,220,177;
38757,220,176;
38809,219,177;
38858,188,143;
38899,220,177;
38959,220,177;
38999,219,177;
39060,219,178;
39102,221,176;
39152,219,177;
39200,220,177;
39251,208,165;
39309,174,127;
39354,220,177;
39402,220,178;
39454,200,156;
39501,219,177;
39551,220,177;
39607,219,177;
39656,131,79;
39701,206,163;
39798,197,153;
39850,186,143;
39894,220,177;
39957,220,177;
40005,219,177;
40053,207,163;
40101,157,112;
40158,219,177;
40255,220,177;
40304,220,178;
40346,202,157;
40403,219,177;
40504,220,177;
40556,220,177;
40607,220,177;
40653,99,109;
40701,220,177;
40749,220,177;
40795,171,126;
40844,220,177;
40952,220,177;
39992,129,78;
41050,203,160;
41146,219,177;
41193,189,162;
41250,220,176;
41305,219,177;
41348,110,124;
41397,219,177;
41456,111,124;
41501,219,177;
41544,131,79;
41604,219,177;
41649,219,178;
41697,220,176;
41757,207,165;
41842,219,177;
41946,206,162;
42001,129,78;
42046,219,177;
42093,172,126;
42152,220,176;
42190,219,177;
42296,219,177;
42389,220,177;
42497,208,165;
42548,220,177;
42595,220,176;
42648,219,177;
42741,220,177;
42847,219,177;
42935,220,176;
41991,219,177;
43036,157,112;
43092,196,160;
43197,209,166;
43284,198,155;
43389,219,177;
43447,220,177;
43490,174,127;
43546,219,178;
43638,220,177;
43689,220,177;
43739,219,178;
43841,220,176;
43883,219,177;
42989,208,164;
44042,125,75;
44094,220,177;
44140,220,177;
44185,199,155;
44233,220,177;
44288,220,176;
44334,208,165;
44386,220,177;
44435,207,163;
44479,120,101;
44539,219,177;
44584,167,130;
44637,207,165;
44684,220,177;
44734,220,177;
44780,209,166;
44891,207,165;
44937,153,109;
44984,219,177;
45081,219,177;
45131,172,126;
45188,220,176;
45233,219,177;
45330,220,177;
45383,220,177;
45430,199,156;
45488,110,95;
45531,219,177;
45585,219,178;
45633,220,176;
45678,220,177;
45740,169,124;
45789,220,177;
45883,219,177;
45934,159,143;
45974,220,177;
46038,220,178;
46076,175,127;
46136,219,177;
46180,101,69;
46235,206,170;
46329,219,177;
46387,220,177;
46427,219,177;
46484,205,161;
46533,175,127;
46581,220,178;
46624,175,128;
46688,219,177;
46736,220,177;
46784,219,177;
46880,243,153;
46941,205,163;
46994,220,177;
47037,220,177;
47127,219,177;
47179,121,79;
47229,219,177;
47280,219,177;
47329,219,177;
47376,181,143;
47437,220,177;
47478,220,177;
47578,219,177;
47684,219,177;
47775,219,176;
47829,205,162;
47878,169,124;
47920,207,165;
48029,219,177;
48073,220,177;
48128,220,177;
48174,197,153;
48225,219,177;
48274,195,158;
48319,220,176;
48370,219,177;
48477,219,177;
48576,219,177;
48622,190,144;
48670,219,177;
48718,219,177;
48825,219,177;
48912,205,161;
49016,219,177;
49071,219,178;
49115,220,177;
49185,219,177;
49236,220,177;
49280,198,160;
49337,132,80;
49376,219,177;
49422,219,177;
49473,220,177;
49521,220,178;
49568,179,146;
49618,219,177;
49665,220,177;
49724,207,165;
49818,219,177;
49870,99,109;
49918,219,177;
49965,190,145;
50014,220,176;
50074,219,177;
50123,122,89;
50165,210,167;
50276,219,177;
50373,199,154;
50419,220,178;
50459,186,141;
50517,219,177;
50624,219,178;
50670,220,177;
50718,219,177;
50820,220,176;
50865,220,178;
50914,161,111;
50962,204,161;
51068,207,163;
51166,219,177;
51277,219,177;
51332,219,178;
51380,196,151;
51428,219,177;
51474,220,177;
51514,207,163;
51561,146,119;
51604,208,166;
51668,119,72;
51716,219,177;
51761,219,178;
51820,220,176;
51865,219,177;
51907,220,177;
51957,219,177;
52063,219,177;
52116,132,80;
52174,202,167;
52218,219,178;
52258,220,177;
52306,219,177;
52368,220,177;
52411,208,165;
52456,132,80;
52509,206,162;
52560,220,177;
52606,219,176;
52664,219,177;
52712,175,128;
52766,219,177;
52855,219,177;
52954,220,178;
53012,220,177;
53060,220,177;
53109,205,161;
53213,219,177;
53265,169,124;
53312,219,177;
53353,220,177;
53407,219,177;
53465,219,178;
53514,197,155;
53554,195,150;
53602,190,144;
53661,220,177;
53770,219,177;
53814,129,78;
53852,209,165;
53903,220,177;
53959,203,160;
54008,219,177;
54056,176,128;
54102,204,160;
54156,175,128;
54201,220,177;
54247,220,177;
54307,204,168;
54349,220,178;
54415,341,159;
54464,219,177;
54509,219,177;
54559,219,178;
54602,220,177;
54647,208,165;
54764,207,164;
54804,219,178;
54851,220,176;
54909,219,177;
55005,219,177;
55054,134,87;
55101,219,177;
55202,207,164;
55247,199,166;
55306,166,118;
55351,219,177;
55450,219,177;
55502,169,124;
55544,219,177;
55648,207,163;
55704,219,177;
55751,219,177;
55798,207,163;
55846,220,177;
55903,219,177;
55945,180,154;
55999,250,173;
56097,219,177;
56156,204,164;
56202,195,163;
56252,219,177;
56296,131,79;
56348,220,177;
56399,220,177;
56445,220,177;
56504,220,177;
56549,220,177;
56597,206,163;
56639,153,126;
56698,219,178;
56745,220,177;
56803,219,177;
56854,154,127;
56900,207,163;
56939,219,177;
56996,205,160;
57044,219,177;
57093,174,127;
57151,219,177;
57200,170,128;
57248,219,177;
57298,220,177;
57346,219,177;
57392,220,178;
57440,204,159;
57488,219,177;
57539,220,177;
57596,219,177;
57644,220,177;
57693,206,171;
57739,147,141;
57790,219,177;
57835,220,177;
57893,220,176;
57940,208,165;
58041,208,165;
58088,169,124;
58141,220,177;
58201,172,126;
58243,219,177;
58289,220,178;
58348,191,144;
58399,208,165;
58450,220,177;
58496,209,165;
58545,220,177;
58590,208,165;
58686,219,177;
58736,205,161;
58793,220,177;
58835,219,177;
58941,250,173;
57990,220,177;
59039,219,177;
59135,206,163;
59193,185,150;
59237,220,176;
59287,220,177;
59385,220,177;
59491,190,150;
59533,115,98;
59592,189,160;
59637,220,178;
59742,219,178;
59786,99,111;
59831,209,165;
59889,129,78;
59933,195,164;
58987,114,84;
60029,341,160;
60080,219,178;
60179,220,177;
60237,129,78;
60282,220,177;
60376,220,177;
60478,219,177;
60536,219,178;
60626,219,177;
60682,129,78;
60740,260,171;
60832,219,177;
60889,220,180;
60934,198,152;
60978,196,153;
61038,220,177;
61085,219,178;
61183,220,177;
61224,132,80;
61280,205,161;
61378,220,177;
61426,220,177;
61485,121,79;
61530,203,161;
61628,219,178;
61736,208,165;
61833,254,145;
61877,220,178;
61978,220,177;
62086,220,178;
62171,219,177;
62232,220,179;
62271,220,177;
62326,220,177;
