Mon Dec 19 20:22:11 2011

5098,562,214;
5167,542,210;
5300,510,206;
5372,492,206;
5697,402,206;
5839,366,204;
6093,315,188;
6154,305,184;
6235,293,185;
6290,280,190;
6355,268,193;
6430,258,196;
6500,242,202;
6562,229,204;
6630,221,205;
6692,212,208;
6764,201,213;
6823,196,209;
7028,161,209;
7100,158,206;
7159,154,203;
7220,154,196;
7294,155,189;
7353,158,180;
7699,130,116;
7750,123,102;
7833,120,87;
7951,127,69;
8108,85,60;
8217,66,74;
8289,61,81;
8360,59,81;
8420,58,83;
8492,59,84;
8553,62,88;
8625,64,89;
8685,65,90;
8757,65,91;
8819,65,93;
8888,60,87;
8960,57,83;
9021,60,84;
9082,60,83;
9154,58,81;
9224,58,79;
9295,57,73;
9353,60,72;
9417,60,68;
9479,63,68;
9550,56,61;
9617,54,61;
9680,50,59;
9753,49,60;
9824,50,62;
9885,50,62;
9956,56,66;
10018,58,66;
10089,62,69;
10150,64,71;
10220,66,70;
10280,65,64;
10556,80,58;
10617,97,63;
10677,95,81;
11014,107,111;
11074,109,107;
11145,111,109;
11207,116,107;
11288,121,100;
11345,123,102;
11409,128,94;
11481,126,101;
11549,124,105;
11603,125,100;
11684,123,103;
11734,120,107;
11813,120,106;
11878,119,107;
11948,117,109;
12019,119,108;
12080,120,106;
12140,120,109;
12214,122,110;
12274,122,108;
12345,124,106;
12416,123,107;
12467,123,107;
12546,121,109;
12600,120,105;
12668,120,107;
12742,118,105;
12802,121,104;
12873,119,107;
12934,121,98;
13005,121,106;
13076,120,106;
13137,120,110;
13209,121,101;
13267,118,104;
13338,118,107;
13411,114,106;
14072,114,114;
14215,117,116;
14338,121,117;
14398,121,119;
14461,122,114;
14611,128,112;
14662,131,107;
14743,130,115;
14793,129,112;
14865,130,116;
14937,131,115;
14996,131,117;
15069,133,116;
15131,133,109;
15202,131,115;
15272,129,116;
15333,126,163;
15403,130,115;
15465,129,117;
15536,129,117;
15597,129,118;
15668,131,115;
15858,131,122;
15995,131,124;
16078,135,119;
16400,134,139;
17326,253,184;
17394,263,187;
17468,273,191;
17525,279,193;
24573,185,174;
24635,185,174;
25040,187,174;
25437,189,175;
25701,189,175;
26166,189,176;
28696,190,190;
28759,193,186;
29289,195,186;
29552,195,186;
29696,195,186;
30225,195,187;
30427,194,186;
30946,192,189;
31221,194,185;
35205,283,164;
57737,559,220;
66513,477,357;
73354,477,357;
79556,1,44;
80143,1,50;
80429,1,50;
81298,1,50;
81763,249,63;
81826,245,59;
81995,229,47;
82113,215,36;
84611,142,12;
84670,144,16;
84847,144,30;
84968,145,35;
85019,146,37;
85307,131,43;
85435,130,35;
85486,130,32;
85545,131,30;
85605,131,31;
85893,134,30;
86416,1,50;
91654,120,25;
94847,120,23;
95831,141,16;
99617,1,50;
100715,125,22;
102466,120,17;
102753,125,18;
102812,127,18;
103330,128,20;
102570,127,30;
103628,127,31;
103746,125,31;
103977,125,31;
104842,126,30;
104910,129,30;
106017,1,50;
106822,137,20;
106940,135,18;
107001,133,17;
107058,131,17;
107111,131,18;
107170,129,18;
107409,129,19;
112172,145,11;
112234,147,13;
112462,149,32;
117922,1,50;
118738,132,295;
118808,138,296;
118856,147,296;
118927,154,299;
119026,169,304;
119097,174,308;
119144,180,309;
119206,185,307;
119265,186,309;
119324,190,307;
119384,188,312;
119434,193,308;
120538,128,302;
120718,128,299;
120777,130,299;
120837,133,299;
120953,134,298;
121005,136,299;
121066,137,298;
121185,139,290;
121244,141,296;
121304,141,290;
121354,143,290;
121423,145,293;
121472,144,288;
121534,145,289;
121593,146,287;
121643,144,284;
121709,143,288;
121761,143,287;
121831,144,287;
121882,146,288;
121940,146,289;
121991,146,288;
122120,144,287;
122180,146,288;
122231,146,288;
122289,145,290;
122348,144,287;
122468,144,286;
122527,144,286;
122577,145,290;
122636,145,290;
122707,145,290;
122753,145,291;
122816,145,290;
122865,144,286;
122926,144,286;
122987,144,286;
123045,144,286;
123105,144,286;
123165,145,291;
123224,146,294;
123273,144,286;
123334,146,294;
123403,144,286;
123449,145,290;
123502,145,290;
122571,144,287;
123623,146,289;
123800,145,293;
123861,148,294;
123911,149,293;
123980,149,298;
124029,149,303;
125950,123,13;
126188,142,307;
126238,137,307;
126297,131,307;
126357,128,307;
126417,128,307;
126479,129,307;
126526,129,308;
126587,130,308;
126644,130,309;
126706,130,308;
126765,131,308;
126824,131,308;
126883,129,308;
126934,130,308;
126994,130,307;
127063,129,307;
127110,130,258;
127173,130,308;
127232,128,307;
127283,129,308;
127352,129,308;
127402,130,307;
127461,131,308;
127520,130,308;
127575,129,265;
127631,129,209;
127692,130,307;
127750,131,308;
127810,129,307;
127869,130,307;
127928,129,307;
127978,130,307;
128045,130,308;
128097,130,307;
128157,129,283;
128218,130,308;
128277,130,307;
128336,129,271;
128386,129,308;
128456,129,249;
128505,129,265;
128566,129,258;
128625,130,307;
128685,129,307;
128735,129,307;
128795,129,306;
128863,128,209;
128913,130,306;
128973,128,306;
129033,129,306;
129092,129,257;
129143,129,306;
129215,129,305;
129272,128,306;
129322,130,306;
129380,131,305;
129441,131,306;
129489,130,305;
129551,133,305;
129610,131,305;
129670,131,305;
129739,130,306;
129789,132,305;
129839,131,159;
129908,133,305;
129958,134,305;
130018,133,306;
130078,132,208;
130137,132,306;
130197,133,305;
130246,133,305;
130316,133,306;
130366,134,306;
130426,134,306;
130484,134,306;
130545,135,306;
130594,135,306;
130664,135,306;
130714,135,306;
130775,135,306;
130834,134,306;
130893,133,307;
130952,135,306;
131002,137,237;
131072,134,306;
131122,134,306;
131238,134,306;
131301,135,306;
131351,133,306;
131420,134,305;
131469,133,306;
131530,134,306;
131589,134,305;
131648,134,305;
131708,135,305;
131759,135,305;
131828,134,305;
131876,134,305;
131938,135,305;
131997,134,305;
132057,135,305;
132107,132,305;
132176,134,305;
132226,133,305;
132286,133,305;
132345,133,305;
132405,132,305;
132455,133,305;
132515,133,306;
132584,132,305;
132628,132,305;
132694,133,305;
132753,129,304;
132812,133,304;
132862,131,304;
132923,131,305;
132991,130,305;
133040,131,305;
133101,131,305;
133161,130,306;
133210,130,306;
133281,131,306;
133329,128,307;
133389,130,306;
133450,131,305;
133509,131,305;
132569,131,306;
133619,132,306;
133688,130,306;
133737,129,306;
133797,130,306;
133856,131,306;
133916,131,306;
133967,130,306;
134027,130,306;
134086,136,244;
134146,136,257;
134205,136,265;
134264,140,224;
134324,135,272;
134374,132,306;
134444,139,245;
134492,137,257;
134554,138,257;
134613,137,258;
134672,141,226;
134722,139,226;
134792,132,306;
134841,138,253;
134902,133,307;
134962,136,259;
135021,134,307;
135070,132,307;
135131,133,307;
135201,133,308;
135249,135,307;
135309,133,306;
135368,133,306;
135428,133,306;
135488,135,306;
135539,135,305;
135598,135,305;
135667,135,305;
135718,135,304;
135771,135,304;
135833,134,305;
135886,133,305;
135947,134,305;
136005,134,305;
136069,134,305;
136125,130,305;
136185,131,305;
136295,133,305;
136354,131,305;
136530,133,305;
136582,132,306;
136644,131,305;
136696,132,306;
136772,130,307;
136818,133,306;
136882,130,306;
136942,131,306;
136989,131,307;
137061,131,306;
137103,130,306;
137165,131,306;
137229,125,310;
137289,129,304;
137345,129,304;
137408,128,304;
137458,129,304;
137511,128,304;
137578,131,305;
137638,128,304;
137696,129,304;
137756,129,305;
137814,129,304;
137866,129,305;
137925,129,304;
137980,129,304;
138045,129,304;
138095,129,304;
138165,130,304;
138223,129,304;
138335,129,304;
138394,128,304;
138442,129,304;
138504,129,304;
138560,129,304;
138623,128,304;
138742,129,304;
138802,128,304;
138851,127,304;
138970,128,304;
139086,128,304;
139150,126,304;
139204,129,304;
139259,126,305;
139328,129,304;
139379,129,304;
139438,130,304;
139499,130,304;
139558,129,304;
139616,131,304;
139677,130,304;
139787,130,304;
139846,130,304;
139906,129,304;
139962,129,304;
140026,131,304;
140074,129,304;
140134,127,306;
140195,128,307;
140254,130,304;
140304,129,304;
140424,130,304;
140483,130,304;
140543,127,305;
140602,129,304;
140662,131,304;
140712,126,305;
140779,133,305;
140838,133,305;
140890,133,305;
140950,131,304;
141011,131,304;
141066,131,304;
141119,131,304;
141179,131,304;
141239,132,305;
141299,131,305;
141358,131,305;
141418,130,306;
141467,132,305;
141587,130,304;
141647,130,304;
141706,128,305;
141766,132,305;
141995,131,305;
142054,129,305;
142174,131,305;
142223,131,305;
142344,131,305;
142463,128,306;
142513,126,307;
142637,131,305;
142689,133,305;
142750,132,305;
142811,132,305;
142871,131,305;
143038,133,305;
