Thu Jan 12 17:02:01 2012

23059,0,251;
23112,6,252;
23178,8,245;
23229,12,240;
23288,16,235;
23352,19,231;
23399,21,227;
23460,22,223;
23529,22,219;
23589,19,216;
23648,15,210;
23698,13,198;
23759,14,182;
23808,10,171;
23868,2,160;
24226,7,120;
24284,3,110;
24335,1,103;
24858,54,62;
25094,63,44;
25160,66,43;
25328,89,46;
26135,2,151;
26204,4,150;
26261,8,146;
26314,13,144;
27478,182,1;
27528,179,4;
27597,176,6;
27647,171,7;
27707,167,6;
27766,165,5;
27827,162,1;
30332,516,0;
30382,511,4;
30440,512,10;
30501,512,17;
30551,516,20;
31427,543,18;
31596,530,5;
31895,528,4;
31954,572,2;
32014,580,3;
32073,587,8;
32132,577,30;
32183,573,58;
32242,574,73;
32302,576,88;
32352,580,103;
32423,585,113;
32471,589,122;
32541,587,127;
32590,597,123;
32650,609,125;
32700,612,129;
32766,628,134;
32828,634,136;
32889,633,143;
32939,628,150;
32998,619,165;
33058,624,181;
33108,624,201;
33178,623,219;
33228,620,226;
33287,623,242;
33346,625,254;
33406,623,266;
33456,619,279;
33516,616,289;
32575,610,303;
33644,601,317;
33704,589,331;
33754,575,342;
33824,559,349;
33870,537,352;
33924,518,359;
33983,503,367;
34053,494,371;
34102,486,375;
34162,476,379;
34211,464,382;
34281,445,385;
34331,420,387;
34391,396,389;
34450,378,385;
34511,358,377;
34559,349,380;
34630,344,385;
34680,345,392;
34739,345,388;
34799,339,387;
34868,332,387;
34914,319,392;
34975,312,395;
35035,311,393;
35096,311,393;
35147,309,390;
35206,308,391;
35266,310,389;
35315,312,388;
35383,311,388;
35435,311,388;
35495,311,386;
35554,313,385;
35615,313,385;
35675,316,387;
35724,316,387;
35784,316,388;
35843,318,389;
35916,318,389;
35962,319,388;
36022,319,388;
36071,320,389;
36143,321,388;
36191,320,387;
36257,317,388;
36310,317,387;
36370,316,387;
36420,318,387;
36490,318,388;
36547,317,388;
36598,318,389;
36659,319,389;
36728,319,387;
36778,320,389;
36828,321,387;
36898,319,387;
36957,320,388;
37003,319,387;
37066,320,388;
37126,320,388;
37185,319,387;
37245,321,388;
37304,320,388;
37364,320,387;
37424,319,388;
37474,319,388;
37534,319,387;
37584,320,387;
37653,319,388;
37712,320,387;
37772,320,388;
37821,320,388;
37882,319,387;
37931,320,387;
38001,319,388;
38051,320,387;
38111,319,387;
38170,319,387;
38231,320,387;
38289,319,387;
38340,321,387;
38409,321,387;
38468,321,387;
38519,319,387;
37578,320,387;
38638,321,387;
38696,319,387;
38757,319,388;
38811,321,387;
38867,320,387;
38926,320,387;
38984,320,387;
39036,320,387;
39096,320,388;
39154,320,387;
39225,319,387;
39284,319,388;
39334,320,388;
39392,320,387;
39451,319,388;
39503,321,388;
39569,320,387;
39623,319,387;
39682,320,387;
39742,320,387;
39792,319,388;
39862,320,387;
39911,319,388;
39971,320,387;
40030,320,388;
40091,319,387;
40149,320,387;
40197,320,387;
40271,320,388;
40319,320,388;
40379,320,387;
40438,320,387;
40499,320,387;
40548,319,388;
40618,319,387;
40668,319,387;
40727,320,387;
40786,319,388;
40847,320,388;
40906,320,387;
40955,320,387;
41022,320,388;
41075,320,387;
41135,320,388;
41194,320,387;
41255,319,388;
41314,319,388;
41363,321,388;
41430,320,387;
41483,320,388;
41542,320,387;
41602,320,386;
41652,320,387;
41722,319,387;
41772,320,388;
41831,319,388;
41890,320,387;
41951,320,386;
42010,320,388;
42059,320,387;
42129,320,387;
42188,320,387;
42239,319,387;
42298,320,388;
42358,321,387;
42417,320,387;
42477,320,387;
42536,320,387;
42587,320,388;
42646,321,387;
42706,321,388;
42756,321,388;
42823,320,387;
42875,320,387;
42935,319,388;
43004,319,388;
43055,320,387;
43114,319,386;
43164,320,388;
43233,320,387;
43283,320,387;
43343,320,387;
43402,319,387;
43463,319,388;
43521,319,387;
42580,319,387;
43630,319,387;
43691,319,388;
43750,320,387;
43811,319,388;
43867,319,387;
43930,320,387;
43987,320,387;
44049,320,388;
44107,320,388;
44158,320,387;
44218,321,387;
44268,320,388;
44328,320,388;
44387,319,388;
44455,320,387;
44505,320,387;
44567,320,388;
44625,320,387;
44676,320,387;
44746,319,387;
44795,319,388;
44855,320,387;
44914,320,387;
44975,321,388;
45034,319,387;
45084,319,387;
45143,321,387;
45203,320,387;
45272,321,387;
45322,320,387;
45372,320,387;
45432,320,387;
45500,320,386;
45552,320,388;
45620,319,387;
45670,320,387;
45720,320,388;
45789,321,387;
45850,319,387;
45899,320,387;
45959,320,388;
46018,320,387;
46079,320,387;
46138,319,388;
46187,319,387;
46257,320,387;
46307,319,387;
46366,320,387;
46426,320,387;
46476,320,388;
46546,320,388;
46592,319,388;
46662,319,388;
46715,320,387;
46774,319,388;
46834,319,387;
46884,319,387;
46953,319,388;
47003,320,388;
47063,320,388;
47122,320,387;
47183,320,387;
47242,319,387;
47291,319,388;
47352,320,388;
47411,320,387;
47471,320,387;
47531,319,388;
47590,319,387;
47640,320,387;
47710,321,387;
47759,320,387;
47819,320,388;
47878,320,388;
47939,320,388;
47988,320,388;
48057,320,387;
48108,321,387;
48177,319,387;
48226,320,387;
48286,320,387;
48336,320,387;
48405,320,387;
48464,320,387;
48524,320,388;
47575,320,387;
48634,319,387;
48694,319,387;
48753,320,387;
48813,320,387;
48872,321,387;
48923,321,387;
48982,319,387;
49042,320,387;
49092,320,387;
49162,319,388;
49210,319,387;
49271,319,387;
49330,320,387;
49391,320,388;
49440,320,388;
49510,319,387;
49559,320,387;
49619,319,387;
49679,320,387;
49739,319,387;
49799,320,388;
49858,321,388;
49908,320,387;
49976,320,387;
50027,320,387;
50086,320,387;
50146,320,387;
50196,320,387;
50256,320,387;
50324,320,388;
50375,320,387;
50435,320,387;
50495,320,388;
50553,319,387;
50614,320,388;
50673,320,388;
50723,320,387;
50793,320,387;
50842,319,387;
50902,319,388;
50954,318,388;
51012,320,388;
51071,319,387;
51139,319,388;
51190,319,387;
51250,321,387;
51300,320,387;
51360,320,388;
51429,320,387;
51479,320,388;
51546,319,387;
51598,319,387;
51657,320,387;
51717,320,387;
51777,320,387;
51836,319,387;
51887,320,387;
51946,319,387;
52006,320,388;
52056,319,388;
52116,321,388;
52175,320,387;
52235,319,387;
52303,320,387;
52354,320,388;
52415,320,387;
52463,320,388;
52534,319,387;
52592,319,387;
52643,319,388;
52712,321,387;
52763,320,387;
52812,320,388;
52872,321,387;
52931,319,387;
52991,320,387;
53050,319,387;
53110,319,388;
53160,321,387;
53220,320,388;
53289,321,387;
53348,320,387;
53399,320,387;
53458,320,387;
53518,319,387;
53568,319,388;
53628,319,388;
53687,320,388;
53747,320,388;
53807,320,387;
53876,320,387;
53921,320,387;
53985,320,387;
54044,319,388;
54094,320,387;
54165,321,386;
54214,320,387;
54274,319,387;
54324,320,387;
54394,319,388;
54443,320,387;
54510,320,387;
54561,318,387;
54622,320,387;
54672,320,387;
54742,320,387;
54801,319,388;
54849,320,388;
54920,319,387;
54978,319,388;
55019,320,387;
55086,320,387;
55149,320,388;
55204,319,388;
55260,320,388;
55316,321,387;
55379,320,388;
55437,320,388;
55497,320,387;
55547,320,388;
55607,319,387;
55664,320,388;
55724,320,387;
55776,320,388;
55846,320,387;
55893,321,387;
55955,320,388;
56015,320,387;
56075,320,388;
56134,319,388;
56184,320,388;
56248,320,388;
56304,320,387;
56363,319,387;
56422,320,387;
56483,320,387;
56532,319,388;
56592,319,388;
56651,319,388;
56721,319,387;
56769,319,388;
56831,319,388;
56881,320,388;
56950,319,387;
56999,320,387;
57059,319,388;
57129,319,387;
57176,319,387;
57238,320,387;
57288,319,386;
57348,319,388;
57406,320,387;
57467,320,387;
57526,321,387;
57587,320,387;
57646,320,387;
57696,320,388;
57762,320,388;
57814,319,387;
57882,320,387;
57933,319,387;
57994,320,387;
58043,320,387;
58113,320,387;
58172,319,387;
58223,320,388;
58282,320,387;
58342,320,387;
58402,320,387;
58462,321,387;
58517,320,388;
58571,321,388;
58630,321,387;
58689,319,387;
58749,320,388;
58800,320,386;
58860,320,387;
58929,318,388;
58986,320,388;
59038,319,388;
59098,321,388;
59147,320,387;
59217,320,388;
59267,320,388;
59327,321,388;
59386,319,387;
59447,320,387;
59506,320,387;
59566,320,387;
59625,318,387;
59674,321,386;
59735,319,387;
59794,320,387;
59855,321,388;
59913,320,388;
59973,320,387;
60023,318,387;
60083,319,388;
60142,320,387;
60203,319,387;
60260,320,387;
60321,320,387;
60378,319,388;
60429,321,387;
60490,320,387;
60551,321,387;
60610,320,388;
60670,319,388;
60720,320,387;
60779,321,388;
60838,320,387;
60896,320,387;
60959,321,387;
61018,319,388;
61078,319,387;
61133,319,387;
61186,320,388;
61246,321,387;
61316,320,387;
61362,321,388;
61416,319,387;
61485,320,388;
61535,320,387;
61595,321,388;
61654,320,387;
61713,320,387;
61774,320,387;
61823,320,387;
61883,319,387;
61942,321,388;
62003,320,387;
62063,322,388;
62122,319,387;
62182,319,387;
62237,320,388;
62291,319,388;
62350,319,387;
62410,320,387;
62460,320,387;
62529,320,388;
61580,319,387;
62639,320,388;
62708,320,387;
62758,320,387;
62820,320,387;
62877,320,387;
62926,320,387;
62986,319,387;
63056,319,387;
63106,320,388;
63166,319,387;
63216,320,387;
63276,320,387;
63335,320,387;
63395,318,387;
63465,319,387;
63514,319,387;
63584,320,387;
63630,320,386;
63684,320,388;
63751,319,387;
63810,319,388;
63862,320,388;
63922,320,388;
63972,320,387;
64032,319,387;
64091,319,387;
64161,319,388;
64221,320,387;
64270,321,388;
64320,320,387;
64380,320,387;
64450,320,387;
64506,319,388;
64559,319,387;
64618,320,388;
64679,320,388;
64735,320,387;
64798,320,388;
64847,319,388;
64907,319,387;
64966,320,387;
65027,320,387;
65076,321,387;
65135,320,387;
65195,319,387;
65261,319,387;
65315,320,387;
65374,320,387;
65435,321,387;
65494,320,387;
65544,320,387;
65603,320,388;
65664,320,387;
65723,320,387;
65783,320,387;
65842,319,388;
65898,320,388;
65961,320,387;
66017,320,387;
66069,321,387;
66130,321,387;
66180,320,387;
66250,320,388;
66309,319,386;
66359,320,387;
66426,319,387;
66478,320,387;
66538,319,387;
66588,319,388;
66648,318,388;
66717,319,388;
66767,320,387;
66826,320,388;
66886,320,387;
66935,320,388;
66996,320,387;
67055,319,388;
67122,320,387;
67174,321,388;
67234,319,388;
67294,320,388;
67344,319,388;
67414,321,388;
67463,321,387;
67523,320,387;
67582,320,387;
67644,319,387;
67702,320,387;
67752,320,388;
67818,320,388;
67870,321,388;
67930,320,387;
67990,320,386;
68039,320,387;
68110,320,388;
68160,321,387;
68226,320,387;
68279,319,388;
68337,321,387;
68398,321,387;
68447,320,387;
68518,319,388;
68564,320,387;
68627,319,387;
68686,320,387;
68747,320,387;
68806,320,388;
68856,319,387;
68922,319,387;
68975,319,387;
69035,321,387;
69094,320,387;
69155,319,387;
69213,321,388;
69264,319,387;
69330,320,388;
69382,320,387;
69442,319,388;
69502,320,387;
69552,320,387;
69622,321,387;
69668,319,388;
69731,320,387;
69790,320,387;
69851,320,388;
69900,319,387;
69960,320,387;
70029,320,388;
70089,319,387;
70145,320,387;
70198,320,387;
70259,318,388;
70318,321,387;
70377,321,387;
70437,321,388;
70496,319,387;
70545,321,387;
70606,319,388;
70656,319,387;
70726,320,387;
70773,320,387;
70842,320,387;
70894,321,387;
70954,320,387;
71014,321,388;
71064,320,387;
71134,320,387;
71187,320,388;
71243,320,388;
71302,320,387;
71363,320,387;
71412,320,387;
71481,319,388;
71531,320,388;
71601,320,388;
71642,320,387;
71711,320,387;
71770,320,387;
71830,319,387;
71890,320,388;
71949,320,387;
71996,320,387;
72058,320,387;
72118,320,388;
72167,319,388;
72238,319,388;
72286,320,387;
72347,319,387;
72406,320,388;
72467,320,387;
72526,320,387;
71576,321,388;
72635,321,387;
72695,320,387;
72755,319,387;
72815,320,387;
72874,319,387;
72923,320,387;
72984,320,387;
73043,319,388;
73104,319,388;
73162,320,387;
73222,320,387;
73281,319,387;
73332,319,387;
73391,320,387;
73451,321,387;
73510,320,387;
73569,320,388;
73620,320,388;
73680,319,388;
73741,319,387;
73799,320,388;
73865,320,388;
73917,319,387;
73978,319,388;
74028,319,388;
74088,320,387;
74156,320,388;
74217,321,387;
74266,320,387;
74324,319,387;
74385,320,387;
74435,320,387;
74495,320,387;
74555,320,387;
74615,321,387;
74674,321,387;
74734,320,387;
74784,320,387;
74847,321,387;
74912,320,388;
74968,321,388;
75022,320,387;
75082,320,387;
75141,320,387;
75192,320,388;
75251,319,387;
75310,320,388;
75370,319,388;
75430,319,387;
75488,320,387;
75540,320,387;
75610,319,388;
75668,320,388;
75717,320,387;
75778,319,388;
75839,320,387;
75898,321,388;
75948,320,387;
76017,322,387;
76076,320,388;
76126,319,387;
76183,319,387;
76245,319,387;
76305,320,387;
76356,320,388;
76415,319,387;
76475,320,388;
76534,320,387;
76595,320,387;
76654,320,388;
76704,320,388;
76763,320,387;
76826,319,387;
76885,320,387;
76939,319,387;
77000,320,387;
77052,321,387;
77121,320,387;
77180,319,388;
77240,319,387;
77289,320,387;
77339,320,387;
77399,320,387;
77466,319,387;
77519,320,388;
76579,320,388;
77638,319,387;
77698,319,387;
77748,320,387;
77819,320,387;
77866,320,387;
77927,320,388;
77986,319,387;
78046,319,388;
78096,320,388;
78166,320,387;
78215,319,387;
78275,319,387;
78335,320,387;
78404,319,388;
78453,321,386;
78504,319,387;
78564,321,387;
78631,320,388;
78683,321,387;
78742,320,388;
78802,319,387;
78862,322,387;
78921,319,388;
78981,319,388;
79031,320,388;
79090,321,387;
79150,320,388;
79200,319,388;
79270,320,387;
79320,320,387;
79379,320,387;
79448,321,387;
79508,320,387;
79557,321,387;
79618,320,387;
79667,321,388;
79734,321,388;
79786,320,387;
79843,319,386;
79906,320,387;
79954,320,387;
80016,320,387;
80075,321,387;
80145,319,387;
80196,320,388;
80254,319,387;
80314,319,387;
80373,320,387;
80442,321,387;
80484,319,387;
80543,319,387;
80612,320,387;
80663,320,387;
80712,320,387;
80781,320,388;
80831,320,387;
80891,319,387;
80950,321,387;
81009,320,387;
81059,319,387;
81120,320,387;
81189,321,387;
81249,320,388;
81308,321,387;
81357,321,387;
81418,320,388;
81475,319,388;
81539,319,387;
81596,320,388;
81653,319,387;
81706,319,387;
81762,320,388;
81816,321,387;
81886,321,388;
81935,319,388;
81995,320,387;
82055,320,387;
82124,320,387;
82175,320,387;
82224,320,388;
82294,320,388;
82343,320,387;
82403,320,387;
82462,320,387;
82522,320,387;
82571,320,387;
82632,320,388;
82691,319,387;
82759,320,387;
82810,319,387;
82871,320,387;
82920,320,387;
82980,320,387;
83048,320,387;
83109,320,387;
83158,321,387;
83218,319,388;
83272,320,387;
83328,320,388;
83398,320,387;
83447,320,387;
83507,320,387;
83566,319,387;
83626,320,387;
83674,320,387;
83735,320,387;
83795,320,387;
83856,321,387;
83925,321,387;
83974,319,387;
84035,321,388;
84094,320,388;
84154,320,387;
84209,319,387;
84262,320,387;
84322,321,386;
84381,320,387;
84431,320,387;
84502,319,388;
84550,320,388;
84618,320,387;
84668,319,388;
84731,320,387;
84780,319,387;
84840,320,387;
84909,321,388;
84959,320,387;
85019,321,388;
85078,320,387;
85138,321,388;
85187,320,387;
85248,320,387;
85307,320,388;
85368,320,388;
85436,320,388;
85495,319,387;
85535,320,387;
85606,320,388;
85655,319,387;
85715,319,387;
85785,321,388;
85833,320,387;
85894,320,388;
85943,320,387;
86014,320,388;
86063,321,387;
86123,319,387;
86182,319,387;
86241,319,387;
86292,319,388;
86361,321,387;
86411,321,387;
86471,319,388;
86530,320,387;
86590,320,388;
86639,320,387;
86709,320,387;
86759,320,387;
86829,319,387;
86879,320,387;
86938,320,387;
86998,321,387;
87048,320,387;
87118,320,387;
87164,319,387;
87227,320,388;
87286,319,387;
87347,321,388;
87406,320,388;
87466,319,387;
87516,320,388;
86575,321,387;
87644,321,387;
87704,321,388;
87753,319,387;
87803,320,388;
87863,321,387;
87933,320,387;
87984,319,387;
88042,319,388;
88102,320,387;
88161,321,388;
88219,320,387;
88271,320,387;
88331,320,387;
88389,319,388;
88450,320,388;
88500,319,388;
88559,321,387;
88629,319,387;
88688,320,387;
88739,320,387;
88807,319,387;
88868,321,387;
88917,321,387;
88967,319,387;
89027,320,388;
89097,321,387;
89144,320,388;
89206,320,388;
89256,320,387;
89325,319,388;
89375,320,387;
89435,319,388;
89495,320,387;
89564,319,387;
89614,320,388;
89664,320,387;
89724,319,387;
89793,319,388;
89844,320,388;
89902,321,389;
89962,321,387;
90012,322,387;
90082,320,387;
90138,319,387;
90191,319,388;
90250,321,387;
90311,319,387;
90370,320,387;
90430,322,387;
90480,320,387;
90546,321,387;
90599,319,388;
90658,320,388;
90719,320,387;
90767,320,387;
90838,320,387;
90887,320,387;
90947,320,387;
91006,319,388;
91067,321,388;
91115,320,388;
91176,320,388;
91245,320,387;
91295,320,387;
91355,320,388;
91414,321,387;
91475,321,388;
91533,320,387;
91593,321,387;
91643,320,388;
91703,319,388;
91762,320,388;
91823,319,387;
91871,318,387;
91942,319,387;
91990,320,388;
92051,319,387;
92110,320,387;
92170,320,387;
92230,319,387;
92280,320,387;
92347,320,387;
92399,321,388;
92459,320,387;
92519,319,387;
91578,319,388;
92637,319,387;
92688,321,387;
92748,320,387;
92807,320,387;
92876,321,387;
92935,321,387;
92975,320,387;
93043,320,387;
93104,320,389;
93164,321,387;
93215,320,388;
93274,321,388;
93334,319,388;
93392,319,388;
93443,320,387;
93503,320,387;
93562,321,387;
93623,320,388;
93692,320,388;
93741,320,387;
93791,319,387;
93851,321,387;
93921,322,388;
93971,320,387;
94030,321,388;
94080,320,387;
94149,320,387;
94199,320,388;
94269,320,387;
94328,319,387;
94378,319,387;
94438,319,387;
94488,319,387;
94558,319,388;
94616,319,387;
94666,320,387;
94726,320,387;
94796,321,388;
94836,319,388;
94905,319,387;
94964,319,387;
95015,320,387;
95075,320,387;
95134,321,388;
95204,320,387;
95249,319,387;
95314,320,387;
95369,321,386;
95424,323,385;
95482,327,381;
95542,331,378;
95592,336,377;
98795,531,411;
98855,530,409;
98924,525,405;
99501,550,400;
99550,542,397;
99609,537,396;
99669,537,396;
99729,537,396;
99788,537,396;
99848,537,396;
99908,537,396;
99958,536,396;
100019,537,397;
100077,537,397;
100136,536,397;
100196,537,396;
100246,537,396;
100306,537,396;
100366,537,397;
100414,537,396;
100475,537,397;
100543,537,396;
100596,537,397;
100655,537,396;
100714,537,396;
100775,537,397;
100834,537,396;
100884,537,397;
100953,537,397;
101002,537,397;
101062,537,396;
101122,537,397;
101172,537,397;
101242,537,397;
101290,537,396;
101351,537,396;
101410,537,397;
101471,537,396;
101530,537,396;
100579,537,396;
101650,537,396;
101699,537,396;
101759,537,396;
101818,537,397;
101878,537,396;
101927,537,397;
101998,537,396;
102045,537,396;
102106,537,397;
102166,537,396;
102227,537,397;
102275,537,396;
102346,537,397;
102395,537,396;
102456,537,396;
102515,537,396;
102584,537,397;
102635,537,396;
102694,537,397;
102742,537,396;
102804,537,397;
102863,537,396;
102923,537,396;
102983,537,397;
103041,537,396;
103091,537,397;
103152,537,396;
103211,537,396;
103280,537,397;
103331,537,396;
103379,537,396;
103449,537,396;
103499,537,397;
103569,537,397;
103619,537,396;
103678,537,396;
103738,537,396;
103788,537,397;
103857,537,396;
103907,537,396;
103967,537,396;
104026,537,397;
104086,537,396;
104135,537,396;
104206,537,397;
104255,537,396;
104314,537,397;
104375,537,396;
104434,537,396;
104494,537,396;
104544,537,396;
104613,537,397;
104672,537,396;
104722,537,397;
104782,537,396;
104842,537,396;
104901,537,397;
104961,537,397;
105010,537,397;
105071,537,397;
105130,537,397;
105191,537,396;
105249,537,397;
105299,537,396;
105370,537,396;
105418,537,397;
105479,537,396;
105538,537,396;
105608,537,396;
105650,537,397;
105707,537,397;
105767,537,397;
105837,537,396;
105885,537,396;
105947,537,397;
106005,537,397;
106065,537,396;
106114,537,397;
106175,537,396;
106235,537,397;
106304,537,396;
106355,537,396;
106404,537,396;
106473,537,397;
106533,537,396;
106592,537,397;
106641,537,397;
106702,537,396;
106752,537,397;
106822,537,397;
106871,537,396;
106931,537,397;
106990,537,396;
107051,537,397;
107110,537,397;
107169,537,396;
107229,537,397;
107278,537,396;
107339,537,397;
107398,537,397;
107468,537,396;
107514,537,397;
106578,537,397;
107627,537,396;
107687,537,396;
107746,537,397;
107807,537,397;
107855,537,396;
107925,537,397;
107984,537,396;
108044,536,396;
108095,537,396;
108155,537,396;
108214,537,397;
108274,537,396;
108334,537,396;
108383,537,397;
108452,537,396;
108501,537,397;
108562,537,397;
108621,537,396;
108681,537,397;
108740,537,397;
108791,537,397;
108849,537,397;
108910,537,396;
108964,537,397;
109030,537,397;
109079,537,397;
109139,537,396;
109199,537,397;
109258,537,396;
109328,536,397;
109375,537,397;
109437,537,396;
109487,537,397;
109547,537,396;
109606,537,396;
109676,537,396;
109716,537,397;
109785,537,396;
109834,537,396;
109894,537,396;
109955,537,396;
110014,537,397;
110084,537,397;
110124,537,397;
110193,537,396;
110249,537,396;
110302,537,396;
110362,537,397;
110422,537,396;
110482,537,397;
110538,537,396;
110592,537,396;
110651,537,397;
110710,537,397;
110771,537,397;
110829,537,396;
110880,537,396;
110949,537,396;
110999,537,397;
111059,537,396;
111119,537,396;
111178,537,396;
111238,537,396;
111298,537,396;
111353,537,396;
111406,536,397;
111466,537,396;
111527,537,396;
111583,537,396;
111646,537,396;
111705,537,397;
111754,536,397;
111815,537,396;
111874,537,396;
111935,537,396;
111994,537,397;
112054,537,397;
112113,537,396;
112162,537,397;
112222,537,397;
112282,537,397;
112341,537,396;
112402,537,397;
112450,537,397;
112511,537,397;
112571,537,396;
112630,537,397;
112690,537,396;
112748,537,396;
112810,537,397;
112869,537,396;
112919,537,396;
112978,537,396;
113037,537,397;
113087,537,397;
113157,537,396;
113206,537,397;
113266,537,397;
113326,537,397;
113386,537,397;
113446,537,397;
113505,537,396;
113561,537,396;
113614,537,397;
113676,537,397;
113733,537,397;
113794,537,397;
113854,537,397;
113913,537,396;
113973,537,397;
114022,537,397;
114082,537,396;
114142,537,397;
114189,537,397;
114252,537,396;
114311,537,397;
114375,537,397;
114428,536,396;
114490,537,397;
114540,537,397;
114609,537,396;
114660,537,396;
114719,537,396;
114779,537,396;
114838,537,396;
114899,537,397;
114957,537,396;
115008,537,397;
115067,537,397;
115136,537,397;
115196,537,396;
115245,537,396;
115295,537,396;
115365,537,396;
115424,537,397;
115484,537,396;
115544,537,396;
115593,537,397;
115653,537,396;
115713,537,397;
115764,537,396;
115823,537,396;
115883,537,396;
115942,537,396;
116001,537,396;
116051,537,397;
116122,537,397;
116171,537,397;
116241,537,397;
116290,537,397;
116349,537,396;
116406,537,397;
116469,537,396;
116529,537,397;
115578,537,397;
116639,537,397;
116698,537,396;
116759,537,397;
116808,537,396;
116867,536,396;
116927,536,397;
116997,537,397;
117045,537,396;
117106,537,397;
117155,536,396;
117226,537,397;
117276,537,397;
117335,537,396;
117404,537,397;
117453,537,396;
117512,537,396;
117572,537,396;
117632,537,397;
117683,537,396;
117743,537,396;
117802,536,397;
117863,537,397;
117912,537,396;
117982,537,396;
118040,537,396;
118091,537,396;
118150,537,397;
118202,537,397;
118270,537,397;
118319,537,396;
118390,536,397;
118439,537,396;
118509,537,397;
118568,537,397;
118617,537,397;
118678,537,397;
118727,537,397;
118787,537,397;
118856,537,396;
118918,537,396;
118966,537,397;
119028,537,396;
119082,537,396;
119134,537,397;
119195,537,397;
119255,537,396;
119313,537,396;
119374,536,397;
119423,537,397;
119494,541,395;
119552,541,386;
119609,537,382;
119661,540,382;
121004,530,417;
121234,542,434;
121283,543,435;
121344,531,455;
121401,533,461;
121462,531,458;
121523,520,453;
121583,511,450;
121632,499,443;
121701,486,434;
121751,470,420;
121811,456,407;
121869,444,391;
121925,434,385;
121980,422,375;
122040,410,370;
122100,400,366;
122156,394,366;
122215,383,366;
122279,370,367;
122329,358,371;
122396,346,373;
122447,329,372;
122507,308,377;
122568,291,384;
122637,279,388;
122694,268,391;
122735,254,394;
122805,240,393;
122855,227,395;
122915,212,395;
122974,201,397;
123034,188,399;
123088,176,399;
123154,164,400;
123204,150,403;
123266,134,405;
123333,123,402;
123382,114,393;
123442,109,392;
123491,101,395;
123561,97,398;
123611,89,402;
123670,86,403;
123730,85,404;
123790,84,405;
123839,82,404;
123909,84,403;
123959,82,402;
124018,81,401;
124079,79,401;
124138,80,399;
131121,94,420;
131171,92,416;
131290,110,417;
131350,102,416;
131410,99,410;
131460,97,406;
131520,98,406;
131588,97,405;
131639,96,406;
131698,96,404;
131758,97,405;
131817,99,406;
131876,97,405;
131925,98,405;
131986,98,405;
132036,98,405;
132105,96,406;
132156,96,405;
132215,98,405;
132275,97,404;
132334,97,406;
132394,95,405;
132444,97,404;
132513,97,405;
132563,96,406;
132622,98,406;
132682,97,405;
132742,96,405;
132792,96,406;
132862,99,405;
132921,96,406;
132981,97,405;
133041,97,406;
133091,98,405;
133151,97,406;
133211,98,405;
133270,96,405;
133330,97,405;
133389,97,405;
133439,97,405;
133499,98,405;
133559,98,405;
133619,97,404;
133678,97,405;
133728,97,406;
133788,97,406;
133847,96,405;
133906,96,405;
133966,98,405;
134025,97,405;
134076,96,405;
134135,97,405;
134194,97,405;
134254,98,404;
134304,97,405;
134364,96,405;
134423,98,405;
134483,97,406;
134541,97,405;
134602,97,405;
134661,97,406;
134712,96,407;
134771,98,404;
134831,98,404;
134890,96,406;
134950,98,405;
135000,98,405;
135070,97,405;
135130,95,404;
135190,96,406;
135240,97,405;
135300,98,404;
135359,97,406;
135418,96,405;
135478,97,406;
135528,98,405;
135589,97,405;
135656,97,404;
135707,96,405;
135766,98,404;
135826,96,406;
135876,97,405;
135945,97,405;
136005,97,405;
136054,97,406;
136114,97,405;
136164,96,405;
136223,98,404;
136283,98,405;
136350,98,404;
136406,97,404;
136463,97,406;
136523,97,405;
136583,96,405;
136641,98,405;
136691,97,406;
136750,96,404;
136820,98,405;
136867,97,405;
136931,97,405;
136989,97,404;
137039,97,405;
137099,96,405;
137160,96,405;
137219,98,406;
137277,97,404;
137328,97,405;
137387,96,404;
137456,96,406;
137507,95,405;
137568,96,405;
137626,97,405;
137676,98,405;
137735,96,405;
137795,96,406;
137855,96,406;
137914,97,405;
137972,97,405;
138035,98,404;
138094,97,404;
138143,97,404;
138203,99,406;
138262,98,405;
138322,97,405;
138381,97,405;
138433,97,405;
138491,96,405;
138551,97,405;
138610,96,405;
138670,98,404;
138719,97,405;
138780,97,405;
138840,96,405;
138898,97,405;
138959,97,404;
139018,97,406;
139078,98,405;
139137,97,406;
139188,98,404;
139247,98,404;
139306,96,405;
139366,98,406;
139426,98,404;
139476,97,406;
139536,97,405;
139604,97,405;
139655,98,405;
139715,96,406;
139774,96,405;
139834,97,405;
139893,97,405;
139944,98,405;
140003,97,404;
140063,96,406;
140122,97,406;
140182,97,404;
140232,96,406;
140301,97,405;
140351,98,406;
140411,97,405;
140470,97,406;
140527,99,406;
139580,96,405;
140640,96,406;
140700,97,405;
140758,96,406;
140819,97,406;
140877,96,406;
140938,97,404;
140988,97,406;
141048,97,405;
141106,96,405;
141167,97,406;
141225,98,405;
141286,98,405;
141336,97,405;
141396,98,406;
141455,97,405;
141515,97,405;
140574,98,406;
141634,97,406;
141694,96,404;
141744,96,404;
141804,96,406;
141862,95,406;
141923,95,405;
141981,94,405;
142043,94,405;
142102,95,405;
142160,94,404;
142217,95,405;
142282,95,405;
142332,94,405;
142390,97,405;
142438,95,404;
142509,96,404;
142560,96,405;
142619,98,405;
142678,96,405;
142738,96,405;
142799,96,405;
142858,96,405;
142918,95,405;
142967,95,404;
143027,95,405;
143086,95,405;
143146,95,405;
143196,95,406;
143256,95,406;
143313,95,406;
143375,95,405;
143434,95,406;
143492,94,405;
143556,95,406;
143614,96,407;
143674,94,407;
143724,94,406;
143794,95,405;
143841,97,405;
143902,96,404;
143952,99,406;
144020,102,405;
144071,100,408;
144138,102,408;
144190,101,407;
144250,102,406;
144298,101,408;
144367,98,411;
144429,97,413;
144488,93,412;
144548,90,414;
144600,86,414;
144658,82,413;
144718,78,409;
144768,77,403;
144827,77,395;
144887,77,383;
144946,76,368;
145006,75,354;
145056,72,334;
145116,70,316;
145175,65,297;
145235,61,280;
145295,55,265;
145354,46,246;
145414,31,223;
145464,16,203;
145524,6,181;
145584,0,172;
146459,3,5;
146520,8,11;
145578,11,18;
146638,18,24;
146688,28,26;
146757,38,30;
146808,49,35;
146866,61,41;
146925,70,46;
146976,71,47;
147035,74,47;
147095,74,45;
147165,75,46;
147215,75,47;
147284,75,46;
147333,74,44;
147394,75,45;
147443,73,43;
147504,74,42;
147563,69,45;
147624,69,43;
147682,73,44;
147742,74,44;
147798,72,43;
147851,71,44;
147909,70,44;
147971,70,44;
148030,70,47;
148090,75,49;
148150,83,49;
148199,96,51;
148260,103,54;
148318,103,57;
148378,104,60;
148427,103,59;
148495,105,61;
148547,108,59;
148608,102,57;
148676,100,52;
148726,94,51;
148775,96,51;
148845,97,50;
148895,99,50;
148955,98,51;
149017,97,51;
149074,100,50;
149144,98,51;
149191,100,50;
149244,99,50;
149303,99,49;
149370,99,52;
149422,97,54;
149482,96,56;
149531,95,57;
149599,95,56;
149651,93,58;
149721,93,57;
149769,94,56;
149830,95,57;
149880,95,57;
149948,95,57;
150000,95,58;
150060,96,58;
150120,96,57;
150188,96,58;
150238,96,58;
150288,96,57;
150358,96,58;
150407,95,58;
150468,96,58;
150528,95,58;
150596,96,58;
150643,96,58;
150705,95,58;
150755,95,58;
150817,95,58;
150876,95,57;
150934,95,58;
150994,96,57;
151043,96,58;
151112,96,57;
151163,96,58;
151224,96,57;
151282,96,57;
151342,95,59;
151392,96,58;
151460,96,58;
151511,97,57;
151572,96,58;
151630,96,58;
151690,95,58;
151739,96,57;
151808,96,58;
151869,96,58;
151919,96,58;
151980,96,58;
152048,96,58;
152097,96,58;
152148,96,58;
152218,96,58;
152266,96,57;
152327,96,58;
152386,96,58;
152447,96,58;
152505,96,57;
152556,96,58;
152616,96,57;
152676,96,58;
152745,96,58;
152796,97,57;
152856,96,57;
152904,96,58;
152974,96,57;
153032,96,58;
153084,96,57;
153143,96,58;
153204,96,58;
153262,96,57;
153322,96,57;
153371,96,58;
153441,96,58;
153492,95,57;
153551,96,56;
153599,96,57;
153668,97,57;
153730,96,58;
153780,96,57;
153849,97,57;
153908,96,58;
153959,95,57;
154018,96,57;
154076,96,58;
154127,96,58;
154188,96,57;
154247,96,58;
154316,95,58;
154363,96,57;
154424,96,57;
154475,96,58;
154545,96,58;
154605,96,57;
154656,95,57;
154724,96,58;
154770,96,58;
154834,96,58;
154883,96,57;
154953,96,57;
155001,96,58;
155062,96,58;
155121,96,57;
155179,95,58;
155241,96,58;
155291,96,58;
155351,95,58;
155411,97,58;
155469,96,58;
155529,96,57;
155589,96,57;
155649,96,58;
155709,96,58;
155760,96,57;
155819,96,58;
155868,96,58;
155938,96,58;
155997,96,57;
156057,96,58;
156105,95,58;
156167,96,58;
156225,96,58;
156276,96,57;
156346,97,57;
156405,96,57;
156456,96,58;
156515,96,58;
155576,96,58;
156634,96,58;
156694,97,57;
156744,96,57;
156804,96,58;
156863,96,58;
156933,96,57;
156979,96,58;
157040,96,58;
157091,97,57;
157152,96,57;
157220,96,57;
157270,96,58;
157328,96,57;
157380,95,57;
157448,96,58;
157499,96,57;
157560,95,58;
157620,95,58;
157688,96,58;
157735,96,57;
157788,96,58;
157848,96,58;
157908,96,58;
157968,96,57;
158040,96,58;
158086,96,58;
158137,95,58;
158206,96,57;
158256,96,57;
158325,96,58;
158375,96,58;
158435,96,57;
158484,96,57;
158554,96,58;
158613,96,58;
158673,97,57;
158723,96,58;
158783,96,57;
158840,97,57;
158901,96,58;
158952,96,58;
159021,96,57;
159072,96,58;
159131,96,58;
159190,95,58;
159240,96,57;
159310,96,58;
159360,96,57;
159420,96,58;
159479,96,57;
159540,96,57;
159595,96,58;
159658,96,57;
159716,97,57;
159777,95,58;
159824,96,58;
159887,96,58;
159946,96,58;
160006,96,57;
160055,97,57;
160116,96,57;
160185,96,57;
160236,96,58;
160296,96,57;
160344,96,58;
160412,96,57;
160463,95,57;
160524,96,57;
160583,96,58;
160652,96,57;
160699,96,58;
160753,96,57;
160812,96,58;
160872,96,58;
160940,96,57;
160990,96,57;
161040,96,57;
161110,96,58;
161169,96,58;
161218,95,57;
161279,96,57;
161348,96,57;
161398,96,58;
161449,96,57;
161518,96,58;
161567,96,58;
161628,96,58;
161696,96,58;
161744,96,58;
161796,96,58;
161866,95,58;
161914,96,57;
161975,96,57;
162036,95,57;
162095,96,58;
162155,96,58;
162204,96,57;
162272,96,57;
162323,95,57;
162384,96,58;
162443,96,58;
162512,96,57;
162559,96,57;
162613,96,58;
162672,96,57;
162732,96,58;
162800,96,57;
162848,96,58;
162901,96,58;
162968,96,57;
163029,96,58;
163079,96,57;
163140,96,57;
163208,96,58;
163258,96,58;
163308,96,57;
163375,96,58;
163427,96,57;
163488,96,57;
163548,96,58;
163616,95,58;
163663,95,58;
163724,96,57;
163775,96,58;
163836,96,58;
163897,96,57;
163955,96,57;
164015,96,57;
164064,96,57;
164132,96,57;
164183,96,57;
164244,96,58;
164303,96,57;
164364,96,58;
164412,96,58;
164480,96,57;
164532,95,58;
164592,96,58;
164660,96,59;
164710,96,56;
164769,96,58;
164829,96,57;
164890,96,57;
164940,96,58;
165000,96,58;
165059,96,57;
165119,96,57;
165176,96,58;
165228,96,58;
165297,96,56;
165349,96,58;
165407,96,57;
165468,96,58;
165524,97,57;
164577,96,57;
165636,96,58;
165696,96,58;
165756,96,58;
165824,96,58;
165875,96,58;
165934,96,57;
165992,96,58;
166043,95,57;
166104,95,57;
166163,96,58;
166224,96,57;
166272,95,58;
166339,96,58;
166391,96,57;
166452,96,57;
166511,96,58;
165580,96,58;
166626,96,58;
166687,96,58;
166750,96,58;
166799,96,58;
166860,96,58;
166928,95,58;
166977,96,57;
167028,96,57;
167098,96,57;
167147,96,58;
167208,96,57;
167268,96,58;
167336,96,58;
167382,96,58;
167444,96,58;
167495,96,57;
167556,96,57;
167616,96,58;
167676,96,57;
167744,97,58;
167790,95,59;
167853,96,57;
167903,96,57;
167964,96,57;
168032,96,57;
168081,96,58;
168132,96,58;
168200,96,57;
168251,96,58;
168312,96,57;
168372,97,57;
168440,96,57;
168486,96,57;
168546,96,57;
168606,96,57;
168659,96,58;
168720,96,58;
168779,96,57;
168848,96,58;
168895,96,58;
168957,96,58;
169017,96,58;
169068,96,57;
169127,96,59;
169196,96,57;
169243,96,58;
169304,96,58;
169355,96,57;
169416,96,58;
169476,96,58;
169536,95,58;
169596,96,58;
169644,96,58;
169712,96,57;
169763,97,58;
169824,98,58;
169892,98,58;
169952,99,58;
169999,99,58;
170062,99,59;
170112,102,58;
170172,100,56;
170231,97,55;
170292,99,55;
170350,98,60;
170409,100,61;
170460,96,68;
170520,96,70;
170589,98,68;
170639,103,64;
170699,106,61;
170757,107,58;
170816,111,54;
170867,112,51;
170928,111,46;
170996,115,41;
171047,117,43;
171106,120,46;
171166,127,52;
171225,134,57;
171276,145,62;
171336,154,62;
171404,161,56;
171455,167,43;
171513,178,36;
171573,192,32;
171633,209,26;
171684,222,24;
171743,237,17;
171803,249,13;
171860,261,13;
171921,279,17;
171972,292,20;
172032,299,27;
172100,309,37;
172151,323,40;
172210,336,45;
172270,343,52;
172330,362,50;
172380,376,52;
172440,393,46;
172500,407,42;
172559,419,44;
172618,429,44;
172678,440,40;
172728,447,44;
172788,457,43;
172847,468,43;
172916,478,43;
172963,485,42;
173024,489,44;
173075,493,47;
173145,497,50;
173197,500,52;
173264,500,55;
173312,501,61;
173365,502,64;
173434,502,68;
173483,501,74;
173544,498,76;
173603,497,76;
173663,500,74;
173711,501,72;
173779,503,67;
173831,505,64;
174360,530,50;
174419,518,61;
174469,514,67;
174535,512,69;
174587,515,68;
174657,517,66;
174705,517,66;
174766,514,70;
174816,529,59;
174885,530,58;
174935,527,60;
175005,523,62;
175055,524,62;
175116,526,61;
175175,527,63;
175224,526,62;
175294,526,62;
175343,526,62;
175404,525,63;
175472,524,63;
175521,525,62;
175573,525,60;
175639,525,60;
175691,525,59;
175752,524,61;
175820,522,63;
175868,519,62;
175921,520,63;
175987,519,61;
176050,519,60;
176099,520,60;
176169,520,60;
176217,520,62;
176278,522,61;
176328,523,60;
176395,523,59;
176447,523,59;
176517,523,58;
176565,522,59;
176626,520,59;
176676,519,59;
176746,518,59;
176796,519,59;
176856,518,59;
176925,519,59;
176973,520,58;
177034,519,59;
177083,519,57;
177154,519,59;
177203,519,59;
177264,519,58;
177319,519,58;
177383,519,58;
177439,520,58;
177501,517,60;
177562,519,58;
177612,519,59;
177671,520,58;
177731,520,59;
177790,519,58;
177849,519,58;
177907,519,59;
177959,519,58;
178029,518,59;
178080,519,58;
178140,519,58;
178198,519,58;
178255,519,58;
178308,520,58;
178377,519,59;
178428,519,58;
178487,519,58;
178536,520,59;
178604,519,59;
178664,518,60;
178715,519,59;
178785,519,59;
178830,519,58;
178894,519,58;
178953,519,59;
179004,519,59;
179064,519,58;
179133,520,59;
179180,519,58;
179242,518,59;
179300,519,58;
179359,519,58;
179411,520,58;
179472,519,58;
179531,520,59;
179591,518,59;
179639,519,59;
179707,519,59;
179760,519,58;
179820,519,58;
179880,519,59;
179939,519,57;
179999,519,58;
180048,519,59;
180115,519,58;
180167,520,58;
180237,519,58;
180284,519,59;
180346,519,59;
180396,519,58;
180463,519,59;
180515,519,59;
180585,519,58;
180635,519,58;
180695,519,58;
180755,519,58;
180804,519,59;
180871,519,58;
180923,519,59;
180993,519,58;
181040,519,59;
181102,519,59;
181152,518,58;
181219,518,59;
181271,519,59;
181332,519,59;
181391,519,59;
181451,519,59;
181499,520,59;
181567,518,59;
181620,519,58;
181689,519,59;
181739,519,59;
181799,519,59;
181859,518,59;
181907,518,58;
181975,519,59;
182027,520,58;
182097,518,59;
182144,518,59;
182206,519,59;
182256,519,59;
182323,520,58;
182375,519,59;
182436,519,59;
182496,519,59;
182555,519,58;
182615,520,58;
182664,519,59;
182731,519,58;
182784,519,59;
182853,519,59;
182902,519,58;
182962,519,58;
183012,519,58;
183079,519,58;
183140,519,58;
183191,519,59;
183251,519,60;
183311,519,59;
183360,519,59;
183427,519,59;
183488,519,59;
183539,519,59;
183609,518,59;
183658,519,58;
183718,518,59;
183768,519,59;
183835,518,59;
183887,518,58;
183948,519,59;
184007,519,58;
184076,519,59;
184123,519,58;
184182,519,58;
184235,520,58;
184296,520,58;
184365,520,58;
184413,519,58;
184474,519,59;
184524,519,58;
184591,519,59;
184643,519,58;
184713,520,58;
184761,519,58;
184822,519,59;
184872,519,59;
184939,520,60;
184991,519,58;
185061,519,58;
185112,518,59;
185171,519,59;
185220,519,59;
185287,520,58;
185340,519,58;
185409,519,59;
185459,519,59;
185519,519,59;
184579,519,59;
185628,520,58;
185695,519,59;
185747,519,59;
185817,519,59;
185864,519,59;
185927,520,59;
185984,519,58;
186036,519,59;
186105,520,59;
186156,519,58;
186216,520,59;
186275,519,59;
186335,519,59;
186393,518,58;
186454,519,58;
186504,519,58;
186565,518,59;
186632,518,58;
186683,519,59;
186740,519,59;
186802,519,59;
186860,519,59;
186912,519,59;
186971,519,59;
187031,520,58;
187090,519,59;
187150,520,58;
187207,520,59;
187260,519,59;
187320,519,59;
187379,519,59;
187439,520,59;
187495,519,59;
187557,520,59;
187607,519,59;
187667,519,59;
187727,520,59;
187788,519,59;
187844,519,59;
187905,519,59;
187956,519,59;
188016,519,59;
188085,520,59;
188144,519,58;
188204,519,58;
188244,518,58;
188311,518,60;
188363,519,59;
188425,520,58;
188492,519,59;
188543,519,59;
188602,519,59;
188662,519,59;
188712,519,59;
188772,519,59;
188831,519,58;
188891,518,59;
188950,519,59;
189009,519,59;
189066,519,59;
189120,520,58;
189189,519,59;
189239,519,59;
189299,519,59;
189355,519,59;
189408,520,58;
189477,519,58;
189527,519,59;
189587,519,59;
189647,518,59;
189704,519,59;
189762,519,59;
189817,519,58;
189876,519,58;
189945,520,58;
189995,519,58;
190055,519,59;
190103,519,58;
190173,519,59;
190225,519,59;
190285,519,58;
190352,518,58;
190402,519,58;
190461,519,58;
190521,520,58;
190571,519,59;
190641,519,58;
190691,519,58;
190751,519,58;
190810,520,58;
190865,519,58;
190930,519,59;
190989,519,59;
191040,520,59;
191099,519,59;
191159,519,58;
191216,519,59;
191278,519,59;
191327,519,58;
191388,519,59;
191447,519,59;
191507,520,58;
191566,520,59;
191621,519,59;
191676,521,59;
191736,523,59;
191796,523,60;
191855,525,61;
191915,524,62;
191972,521,61;
192024,522,61;
192093,521,61;
192144,523,61;
192203,521,63;
192263,521,64;
192320,520,66;
192382,522,67;
192432,524,66;
192492,527,63;
192552,525,64;
192612,524,63;
192667,521,68;
192729,521,67;
192786,521,70;
192849,525,68;
192909,532,67;
192959,538,65;
193019,546,60;
193076,551,56;
193137,559,47;
193188,563,41;
193605,477,0;
193655,471,0;
193715,460,1;
193775,443,2;
193834,421,2;
193884,409,4;
193953,396,4;
194004,381,6;
194063,370,6;
194123,360,6;
194180,356,7;
194241,342,5;
194292,335,4;
194352,322,4;
194411,304,5;
194471,289,3;
194528,274,4;
194589,258,4;
194649,243,3;
194709,227,3;
194760,214,3;
194819,196,3;
194879,178,3;
194941,166,4;
194995,153,6;
195047,144,7;
195108,133,7;
195167,119,10;
195227,107,12;
195285,102,13;
195336,96,16;
195396,93,22;
195465,90,29;
195525,89,34;
194574,87,40;
195635,88,45;
195691,88,50;
195744,88,55;
195813,88,61;
195862,91,65;
195923,97,69;
195983,98,70;
196032,96,68;
196099,94,66;
196151,92,63;
196221,89,62;
196269,86,57;
196330,111,69;
196380,105,68;
196447,102,68;
196500,101,66;
196569,100,66;
196619,99,65;
196679,100,67;
196739,101,68;
196788,103,68;
196855,104,69;
196907,104,72;
197205,106,49;
197256,102,54;
197325,99,59;
197375,99,60;
197435,99,60;
197504,99,61;
197551,99,60;
197604,99,60;
197664,99,60;
197733,99,60;
197782,99,60;
197842,99,61;
197892,99,61;
197962,99,61;
198011,99,59;
198073,99,60;
198131,99,59;
198191,99,60;
198248,98,60;
198300,98,60;
198370,100,60;
198419,99,60;
198480,99,60;
198539,99,60;
198599,99,61;
198656,99,60;
198717,99,60;
198777,98,60;
198828,99,60;
198887,98,60;
198947,99,60;
199006,98,59;
199061,99,61;
199116,99,60;
199176,100,60;
199236,99,60;
199304,100,60;
199355,99,59;
199404,99,60;
199472,99,60;
199524,99,60;
199584,99,60;
199652,99,60;
199703,99,60;
199760,99,61;
199821,99,59;
199880,99,59;
199932,100,59;
199991,98,60;
200051,100,60;
200100,99,60;
200167,99,60;
200220,100,60;
200289,98,60;
200349,99,60;
200399,98,59;
200459,100,60;
200515,98,60;
199577,98,60;
200628,99,60;
200697,99,60;
200745,100,60;
200806,99,59;
200863,99,60;
200925,99,60;
200975,98,61;
201036,99,60;
201096,99,60;
201164,99,60;
201215,99,60;
201264,99,60;
201331,99,60;
201384,99,60;
201453,99,60;
201509,99,60;
201563,99,60;
201620,98,60;
201681,99,59;
201731,99,60;
201792,99,60;
201851,99,60;
201911,99,60;
201970,99,59;
202027,98,60;
202089,100,60;
202140,99,60;
202200,99,60;
202268,100,60;
202319,99,60;
202378,99,60;
202434,98,60;
202488,99,60;
202557,98,60;
202607,99,60;
202667,99,60;
202725,99,60;
202776,100,59;
202845,99,60;
202896,99,60;
202956,99,60;
203015,99,60;
203075,100,60;
203134,99,60;
