Mon Dec 19 21:52:46 2011

836,344,78;
878,344,77;
924,344,76;
974,344,75;
1023,344,75;
1069,343,75;
1119,342,75;
1167,342,76;
1214,341,77;
1262,339,79;
1321,339,79;
1366,338,80;
1419,337,79;
1467,337,79;
1514,337,79;
1563,335,80;
1608,335,79;
1670,334,80;
1716,334,81;
1768,334,80;
1824,334,81;
1871,335,81;
1911,335,83;
1961,333,83;
2016,335,82;
2065,335,82;
2116,335,83;
2162,336,84;
2204,336,84;
2281,336,84;
2325,335,86;
2368,336,85;
2414,336,85;
2473,335,86;
2521,335,86;
2560,335,86;
2618,335,85;
2665,335,82;
2713,337,79;
2762,338,77;
2811,339,73;
2870,341,71;
2915,343,68;
2966,343,67;
3013,343,66;
3060,341,65;
3112,341,64;
3159,343,63;
3208,343,62;
3264,341,61;
3314,340,62;
3362,340,65;
3403,339,66;
3459,340,65;
3507,339,65;
3566,339,65;
3614,339,65;
3662,338,65;
3711,338,66;
3759,339,65;
3803,339,65;
3862,338,63;
3902,337,64;
3951,337,61;
4011,337,58;
4058,337,58;
4116,337,57;
4157,339,56;
4201,342,54;
4252,342,53;
4322,344,54;
4379,342,53;
4430,341,52;
4475,340,53;
4516,340,53;
4559,342,54;
4610,342,54;
4660,344,53;
4706,345,54;
4755,345,53;
4801,345,53;
4852,344,53;
4900,344,53;
4957,344,53;
5004,344,52;
5056,343,53;
5112,343,53;
5164,343,53;
5209,343,53;
5259,344,53;
5305,343,53;
5354,342,53;
5403,342,53;
5451,341,54;
5508,340,54;
5556,340,53;
5608,339,53;
5650,338,53;
5702,337,53;
5748,337,52;
5799,336,53;
5846,334,52;
5906,333,53;
5952,330,53;
6013,328,52;
6062,327,52;
6105,324,53;
6158,323,54;
6198,321,55;
6253,321,55;
6302,320,56;
6350,320,56;
6400,319,57;
6447,319,58;
6497,320,59;
6551,319,58;
6603,320,59;
6650,318,60;
6700,318,59;
6747,318,60;
6807,319,61;
6854,319,60;
6893,319,60;
6950,318,61;
6997,318,61;
7047,318,61;
7095,318,60;
7145,318,61;
7192,317,60;
7250,317,61;
7292,317,61;
7348,318,61;
7394,317,60;
7452,318,60;
7502,318,59;
7551,319,58;
7597,320,58;
7643,320,56;
7695,322,56;
7742,322,55;
7802,323,54;
7857,323,53;
7899,322,53;
7946,321,54;
7995,320,54;
8043,320,54;
8101,319,55;
8150,320,56;
8194,318,56;
8246,319,56;
8294,319,56;
8343,319,55;
8390,321,55;
8449,322,55;
8495,322,55;
8539,323,55;
8589,323,55;
8653,327,55;
8711,329,56;
8753,332,57;
8800,336,58;
8847,336,59;
8895,336,59;
8943,335,58;
9000,335,57;
9050,336,56;
9098,337,54;
9144,339,54;
9194,339,56;
9242,338,61;
9291,339,62;
9336,339,64;
9385,338,65;
9436,335,65;
9481,331,65;
9540,325,65;
9586,317,65;
9639,310,65;
9684,302,64;
9745,294,61;
9791,288,61;
9841,283,63;
9891,278,64;
9939,275,65;
9988,273,64;
10033,272,64;
10084,270,64;
10139,270,65;
10191,269,65;
10238,270,63;
10284,270,63;
10335,270,62;
10383,270,63;
10429,271,62;
10490,271,61;
10536,271,61;
10586,271,59;
10636,271,60;
10683,272,60;
10742,270,62;
10781,271,63;
10838,270,64;
10885,268,65;
10945,269,66;
10993,270,66;
11042,267,67;
11090,267,67;
11137,266,68;
11182,264,69;
11233,264,68;
11282,265,68;
11330,265,69;
11378,267,67;
11428,266,68;
11486,266,68;
11533,267,67;
11583,268,66;
11630,268,65;
11689,270,66;
11735,271,65;
11784,273,66;
11825,272,64;
11882,272,64;
11929,274,65;
11976,274,63;
12028,276,62;
12074,277,62;
12134,278,61;
12179,278,62;
12229,279,61;
12279,279,62;
12327,279,62;
12373,280,61;
12424,280,60;
12493,280,60;
12538,281,59;
12589,280,60;
12639,281,60;
12684,280,60;
12734,281,60;
12781,280,61;
12830,279,60;
12879,279,61;
12927,279,61;
12972,279,61;
13024,278,62;
13081,278,62;
13132,277,61;
13179,277,61;
13225,277,62;
13275,278,62;
13321,277,61;
13379,278,61;
13430,279,61;
13477,279,60;
13523,280,59;
13574,281,58;
13624,283,57;
13681,282,56;
13728,282,56;
13769,282,55;
13824,284,54;
13875,283,54;
13922,284,54;
13981,281,55;
14031,279,57;
14077,280,54;
14122,280,54;
14172,279,56;
14223,278,54;
14268,279,56;
14319,279,55;
14376,279,54;
14422,278,56;
14474,278,55;
14533,278,57;
14580,276,55;
14620,277,55;
14667,277,54;
14713,275,53;
14775,278,54;
14823,279,53;
14871,278,52;
14919,280,50;
14977,282,50;
15026,283,51;
15074,283,50;
15120,285,50;
15166,286,49;
15219,286,49;
15278,287,49;
15325,287,49;
15374,287,50;
15422,289,48;
15470,288,50;
15518,290,50;
15567,289,50;
15616,288,50;
15663,288,51;
15722,288,49;
15770,287,51;
15818,289,51;
15867,288,51;
15915,289,50;
15974,289,51;
16020,288,50;
16064,290,51;
16116,288,51;
16165,290,51;
16213,290,51;
16264,290,51;
16321,289,52;
16370,291,51;
16415,290,51;
16464,291,51;
16515,291,50;
16560,293,50;
16621,292,51;
16670,292,51;
16718,292,51;
16764,291,52;
16815,292,50;
16863,291,52;
16920,291,51;
16961,291,51;
17019,291,50;
17066,289,50;
17113,290,49;
17163,290,51;
17207,290,51;
17257,289,50;
17307,289,52;
17366,290,51;
17414,289,54;
17464,289,51;
17511,290,52;
17571,289,53;
17619,289,54;
17665,289,53;
17710,289,54;
17751,288,55;
17811,290,53;
17859,290,53;
17908,290,53;
17956,290,53;
18034,290,51;
18076,288,54;
18130,289,52;
18172,289,53;
18217,289,53;
18266,290,52;
18314,289,52;
18361,289,54;
18409,289,53;
18470,290,52;
18515,290,52;
18564,289,53;
18614,290,53;
18662,290,52;
18710,291,50;
18759,289,53;
18815,290,53;
18865,291,51;
18914,289,54;
18960,290,51;
19008,291,51;
19059,289,52;
19109,290,53;
19153,289,52;
19202,289,53;
19258,289,54;
19310,289,51;
19355,289,53;
19403,290,52;
19454,289,53;
19502,290,54;
19562,291,54;
19610,290,54;
19655,290,53;
19704,289,53;
19755,290,52;
19802,290,51;
19861,291,50;
19907,291,51;
19955,290,54;
20006,289,53;
20053,290,52;
20098,292,49;
20161,291,51;
20219,289,53;
20270,290,52;
20316,290,53;
20362,289,52;
20402,289,52;
20461,289,53;
20511,289,52;
20559,290,53;
20606,289,52;
20651,290,54;
20698,289,54;
20751,289,49;
20799,291,54;
20846,290,54;
20897,289,54;
20953,290,54;
21000,292,52;
21051,291,55;
21098,292,55;
21155,291,54;
21202,291,55;
21254,292,54;
21297,291,55;
21348,289,56;
21399,293,53;
21447,291,53;
21496,290,55;
21544,289,56;
21602,288,55;
21651,288,55;
21699,287,55;
21747,286,53;
21806,284,53;
21852,281,54;
21902,279,55;
21951,276,56;
21998,276,57;
22047,278,60;
22096,277,60;
22155,278,59;
22203,278,60;
22248,278,61;
22294,277,61;
22357,275,62;
22402,275,62;
22444,274,62;
22490,276,62;
22540,275,64;
22590,275,63;
22649,275,63;
22692,276,63;
22743,275,63;
22801,277,62;
22845,277,62;
22898,277,62;
22945,277,63;
22995,277,63;
23042,278,63;
23092,277,63;
23142,277,62;
23186,277,62;
23247,278,63;
23293,277,62;
23340,278,63;
23388,278,63;
23447,277,62;
23486,278,63;
23536,277,63;
23594,277,61;
23642,276,63;
23692,277,62;
23739,277,62;
23787,276,61;
23835,276,61;
23894,276,61;
23942,277,62;
23992,276,62;
24048,275,62;
24098,275,61;
24144,276,62;
24195,276,63;
24242,275,61;
24290,276,61;
24350,275,61;
24399,275,62;
24446,275,62;
24488,275,63;
24538,275,61;
24589,275,61;
24636,275,61;
24685,275,60;
24735,275,62;
24781,276,61;
24842,275,61;
23888,275,62;
24935,275,61;
24987,275,62;
25035,274,60;
25083,275,61;
25132,276,61;
25189,276,61;
25237,275,61;
25288,276,62;
25333,275,62;
25383,275,62;
25432,275,61;
25487,275,61;
25534,274,61;
25586,274,62;
25637,275,62;
25683,275,61;
25730,275,62;
25779,275,61;
25838,275,62;
24887,276,61;
25934,276,61;
25982,276,61;
26041,276,61;
26090,276,61;
26138,277,61;
26184,276,61;
26226,277,61;
26283,277,62;
26331,276,61;
26380,277,60;
26425,276,60;
26487,277,60;
26535,277,60;
26582,277,61;
26628,278,61;
26680,278,61;
26727,278,62;
26786,278,61;
26830,277,60;
26882,277,61;
26928,278,61;
26980,279,60;
27039,277,60;
27087,278,60;
27133,278,59;
27182,278,60;
27232,278,60;
27275,278,59;
27326,277,59;
27387,277,58;
27434,278,60;
27481,277,60;
27530,278,59;
27579,277,60;
27627,277,59;
27687,277,60;
27734,276,59;
27781,277,60;
27830,276,59;
27878,276,59;
27924,277,57;
27974,278,59;
28023,278,57;
28072,278,56;
28130,278,57;
28178,280,58;
28224,280,57;
28271,280,56;
28325,278,57;
28380,279,56;
28420,278,56;
28476,278,56;
28525,278,55;
28576,279,58;
28622,279,57;
28681,280,56;
28727,279,56;
28778,279,55;
28823,280,55;
28899,280,57;
28946,280,56;
28994,280,58;
29039,280,56;
29090,280,57;
29136,280,57;
29177,280,57;
29220,279,56;
29268,280,57;
29320,279,56;
29378,281,57;
29423,280,58;
29469,281,57;
29525,281,56;
29570,280,57;
29618,281,56;
29669,281,56;
29714,280,55;
29784,281,56;
29825,281,56;
29869,281,56;
29920,282,55;
29965,282,56;
30012,282,55;
30073,281,55;
30118,283,56;
30171,283,56;
30219,282,57;
30267,283,57;
30315,283,56;
30364,283,57;
30420,283,57;
30466,284,57;
30526,285,57;
